3.183630990694331e-20
3.006129207189704e-20
2.846070842622704e-20
2.7010611647627255e-20
2.569119915504575e-20
2.4485959199862993e-20
2.338101885877604e-20
2.236464050093973e-20
2.1426828838208423e-20
2.0559021307128087e-20
1.97538419292519e-20
1.9004904012655148e-20
1.8306650783481534e-20
1.7654225729931526e-20
1.7043366410239266e-20
1.6470316930807837e-20
1.5931755385747608e-20
1.5424733365904465e-20
1.4946625265681294e-20
1.4495085590696498e-20
1.406801283548694e-20
1.3663518784919623e-20
1.3279902315466512e-20
1.2915626947644042e-20
1.2569301539641929e-20
1.2239663622679457e-20
1.1925564967155574e-20
1.162595903994935e-20
1.1339890070925007e-20
1.1066483493616152e-20
1.080493756339549e-20
1.0554515987888246e-20
1.0314541430303143e-20
1.0084389767794277e-20
9.863485004772613e-21
9.651294755927201e-21
9.447326226131641e-21
9.251122624832643e-21
9.062259961293628e-21
8.880344174480929e-21
8.705008557662853e-21
8.53591144313204e-21
8.372734117012612e-21
8.215178938003559e-21
8.062967637243041e-21
7.91583977934192e-21
7.773551367101318e-21
7.635873574558125e-21
7.502591594845064e-21
7.37350359094973e-21
7.248419738846081e-21
7.127161353681536e-21
7.009560090758753e-21
6.895457213974545e-21
6.784702925187552e-21
6.677155748696581e-21
6.572681965636214e-21
6.4711550936467635e-21
6.3724554076613204e-21
6.276469498082178e-21
6.1830898629991446e-21
6.0922145314395474e-21
6.003746714939316e-21
5.9175944849911005e-21
5.8336704741627996e-21
5.75189159889179e-21
5.672178802149459e-21
5.5944568143399636e-21
5.5186539309489475e-21
5.4447018055940434e-21
5.372535257251251e-21
5.302092090541233e-21
5.233312928058629e-21
5.166141053816656e-21
5.100522266959934e-21
5.0364047449711484e-21
4.973738915663087e-21
4.9124773373071785e-21
4.852574586303698e-21
4.7939871518478855e-21
4.736673337090737e-21
4.68059316633378e-21
4.625708297833963e-21
4.571981941828453e-21
4.5193787834197134e-21
4.4678649099891866e-21
4.417407742833518e-21
4.3679759727405255e-21
4.3195394992435605e-21
4.272069373312456e-21
4.225537743257178e-21
4.179917803636839e-21
4.135183746981755e-21
4.091310718150186e-21
4.048274771154156e-21
4.006052828300491e-21
3.96462264150407e-21
3.9239627556402424e-21
3.884052473812569e-21
3.8448718244205736e-21
3.806401529919988e-21
3.768622977175262e-21
3.7315181893108316e-21
3.695069798973797e-21
3.659261022926446e-21
3.624075637892402e-21
3.589497957585071e-21
3.555512810851693e-21
3.522105520870513e-21
3.48926188534259e-21
3.456968157623395e-21
3.425211028742795e-21
3.393977610265176e-21
3.3632554179444542e-21
3.3330323561314378e-21
3.303296702893614e-21
3.274037095809817e-21
3.2452425184044616e-21
3.2169022871881353e-21
3.1890060392732825e-21
3.1615437205355302e-21
3.134505574292938e-21
3.10788213047701e-21
3.0816641952708345e-21
3.0558428411910964e-21
3.0304093975920166e-21
3.0053554415705225e-21
2.9806727892530582e-21
2.9563534874455768e-21
2.932389805629231e-21
2.9087742282852442e-21
2.8854994475333437e-21
2.8625583560689587e-21
2.8399440403851883e-21
2.8176497742663003e-21
2.7956690125401798e-21
2.7739953850778478e-21
2.7526226910287567e-21
2.7315448932811835e-21
2.7107561131375468e-21
2.690250625195047e-21
2.670022852422466e-21
2.650067361424457e-21
2.630378857885078e-21
2.6109521821827377e-21
2.591782305169094e-21
2.5728643241048395e-21
2.5541934587456353e-21
2.5357650475717808e-21
2.5175745441555282e-21
2.4996175136602375e-21
2.4818896294658438e-21
2.464386669915366e-21
2.4471045151774586e-21
2.430039144220202e-21
2.413186631891596e-21
2.3965431461023985e-21
2.3801049451071623e-21
2.3638683748795267e-21
2.3478298665779775e-21
2.331985934098479e-21
2.316333171710529e-21
2.3008682517733668e-21
2.2855879225291755e-21
2.2704890059702885e-21
2.2555683957775333e-21
2.2408230553269678e-21
2.226250015762384e-21
2.211846374131081e-21
2.1976092915804956e-21
2.1835359916134007e-21
2.1696237583994726e-21
2.1558699351411238e-21
2.142271922491576e-21
2.1288271770232595e-21
2.1155332097446713e-21
2.1023875846639335e-21
2.089387917397338e-21
2.0765318738212655e-21
2.0638171687658983e-21
2.0512415647492483e-21
2.03880287075004e-21
2.0264989410180865e-21
2.014327673920827e-21
2.0022870108247593e-21
1.990374935010543e-21
1.978589470620593e-21
1.9669286816380612e-21
1.9553906708961052e-21
1.9439735791164045e-21
1.9326755839759396e-21
1.9214948992010604e-21
1.9104297736879273e-21
1.8994784906484363e-21
1.8886393667807722e-21
1.8779107514637728e-21
1.8672910259743052e-21
1.8567786027269077e-21
1.846371924534949e-21
1.836069463892616e-21
1.8258697222770333e-21
1.8157712294698818e-21
1.8057725428978683e-21
1.7958722469914508e-21
1.786068952561233e-21
1.776361296191461e-21
1.766747939650088e-21
1.757227569314869e-21
1.7477988956149994e-21
1.738460652487798e-21
1.729211596849969e-21
1.7200505080829915e-21
1.710976187532198e-21
1.7019874580191256e-21
1.6930831633667224e-21
1.684262167937029e-21
1.6755233561809495e-21
1.6668656321997455e-21
1.6582879193179053e-21
1.6497891596670391e-21
1.6413683137804786e-21
1.6330243601982593e-21
1.6247562950821725e-21
1.6165631318406023e-21
1.6084439007628457e-21
1.6003976486626513e-21
1.5924234385306964e-21
1.5845203491957526e-21
1.576687474994279e-21
1.568923925448214e-21
1.5612288249507145e-21
1.553601312459624e-21
1.5460405411984546e-21
1.5385456783646584e-21
1.5311159048449892e-21
1.5237504149377569e-21
1.5164484160817735e-21
1.5092091285918162e-21
1.502031785400413e-21
1.494915631805785e-21
1.487859925225773e-21
1.4808639349575835e-21
1.4739269419431943e-21
1.4670482385402655e-21
1.4602271282984106e-21
1.4534629257406734e-21
1.4467549561500808e-21
1.4401025553611267e-21
1.4335050695560622e-21
1.4269618550658582e-21
1.420472278175716e-21
1.414035714935015e-21
1.4076515509715654e-21
1.4013191813100683e-21
1.395038010194659e-21
1.388807450915439e-21
1.382626925638886e-21
1.3764958652420408e-21
1.3704137091503808e-21
1.3643799051792774e-21
1.3583939093789486e-21
1.35245518588282e-21
1.3465632067592029e-21
1.3407174518662098e-21
1.334917408709822e-21
1.3291626877807632e-21
1.3234530556320561e-21
1.3177880240339585e-21
1.3121671009323173e-21
1.306589801375342e-21
1.3010556473869712e-21
1.2955641678429212e-21
1.2901148983493543e-21
1.2847073811241034e-21
1.2793411648803865e-21
1.2740158047129548e-21
1.2687308619866131e-21
1.2634859042270575e-21
1.2582805050139688e-21
1.2531142438763182e-21
1.2479867061898186e-21
1.242897483076485e-21
1.2378461713062424e-21
1.232832373200537e-21
1.2278556965379068e-21
1.2229157544614581e-21
1.218012165388212e-21
1.213144552920268e-21
1.208312545757751e-21
1.203515777613496e-21
1.1987538871294266e-21
1.1940265177945984e-21
1.189333317864859e-21
1.1846739402840926e-21
1.180048042607014e-21
1.1754552869234704e-21
1.1708953397842269e-21
1.166367872128191e-21
1.1618725592110534e-21
1.1574090805353067e-21
1.152977119781613e-21
1.1485763647414926e-21
1.144206507251301e-21
1.1398672431274684e-21
1.1355582721029698e-21
1.131279297765005e-21
1.1270300274938548e-21
1.1228101724028926e-21
1.1186194472797243e-21
1.114457570528431e-21
1.1103242641128939e-21
1.1062192535011725e-21
1.1021422676109196e-21
1.0980930387558057e-21
1.094071302592934e-21
1.0900767980712244e-21
1.0861092673807424e-21
1.0821684559029612e-21
1.0782541121619264e-21
1.0743659877763132e-21
1.0705038374123516e-21
1.0666674187376034e-21
1.0628564923755763e-21
1.0590708218611488e-21
1.0553101735968012e-21
1.0515743168096235e-21
1.047863023509094e-21
1.0441760684456073e-21
1.0405132290697377e-21
1.036874285492222e-21
1.0332590204446494e-21
1.0296672192408422e-21
1.0260986697389123e-21
1.0225531623039816e-21
1.0190304897715525e-21
1.015530447411516e-21
1.012052832892781e-21
1.0085974462485172e-21
1.0051640898419973e-21
1.0017525683330238e-21
9.983626886449341e-22
9.949942599321698e-22
9.916470935483938e-22
9.883210030151572e-22
9.850158039910907e-22
9.817313142416196e-22
9.78467353609192e-22
9.752237439840004e-22
9.720003092752025e-22
9.687968753826182e-22
9.656132701688991e-22
9.624493234321635e-22
9.593048668790828e-22
9.561797340984133e-22
9.530737605349668e-22
9.499867834640067e-22
9.469186419660679e-22
9.438691769021848e-22
9.408382308895261e-22
9.378256482774268e-22
9.348312751238081e-22
9.318549591719794e-22
9.288965498278157e-22
9.259558981373026e-22
9.230328567644416e-22
9.201272799695097e-22
9.17239023587668e-22
9.14367945007909e-22
9.115139031523409e-22
9.086767584557988e-22
9.058563728457799e-22
9.03052609722695e-22
9.002653339404313e-22
8.97494411787218e-22
8.947397109667959e-22
8.920011005798766e-22
8.892784511058951e-22
8.865716343850425e-22
8.838805236005789e-22
8.812049932614197e-22
8.785449191849903e-22
8.759001784803457e-22
8.732706495315476e-22
8.706562119812972e-22
8.680567467148173e-22
8.654721358439819e-22
8.629022626916837e-22
8.603470117764419e-22
8.578062687972414e-22
8.552799206185995e-22
8.527678552558611e-22
8.502699618607103e-22
8.477861307069021e-22
8.453162531762064e-22
8.4286022174456065e-22
8.40417929968431e-22
8.379892724713717e-22
8.355741449307878e-22
8.331724440648904e-22
8.307840676198454e-22
8.284089143571101e-22
8.260468840409564e-22
8.236978774261759e-22
8.213617962459653e-22
8.190385431999863e-22
8.167280219426006e-22
8.144301370712751e-22
8.121447941151542e-22
8.098718995237967e-22
8.076113606560753e-22
8.05363085769236e-22
8.031269840081127e-22
8.009029653944965e-22
7.98690940816657e-22
7.9649082201901325e-22
7.943025215919479e-22
7.921259529617708e-22
7.899610303808195e-22
7.878076689177024e-22
7.856657844476772e-22
7.835352936431659e-22
7.814161139644004e-22
7.793081636502018e-22
7.772113617088856e-22
7.751256279092934e-22
7.730508827719516e-22
7.709870475603485e-22
7.689340442723363e-22
7.6689179563164695e-22
7.648602250795286e-22
7.628392567664947e-22
7.60828815544186e-22
7.588288269573443e-22
7.568392172358957e-22
7.548599132871411e-22
7.528908426880526e-22
7.509319336776737e-22
7.489831151496243e-22
7.470443166447033e-22
7.451154683435939e-22
7.431965010596652e-22
7.4128734623186995e-22
7.393879359177378e-22
7.374982027864623e-22
7.3561808011207885e-22
7.337475017667341e-22
7.318864022140437e-22
7.300347165025395e-22
7.281923802592e-22
7.263593296830702e-22
7.245355015389609e-22
7.227208331512346e-22
7.209152623976694e-22
7.191187277034048e-22
7.173311680349654e-22
7.155525228943637e-22
7.13782732313278e-22
7.120217368473056e-22
7.102694775702907e-22
7.085258960687262e-22
7.067909344362261e-22
7.050645352680696e-22
7.033466416558142e-22
7.0163719718197955e-22
6.99936145914797e-22
6.982434324030268e-22
6.965590016708424e-22
6.948827992127771e-22
6.932147709887361e-22
6.915548634190721e-22
6.899030233797215e-22
6.882591981974031e-22
6.866233356448752e-22
6.849953839362549e-22
6.833752917223927e-22
6.8176300808630785e-22
6.801584825386779e-22
6.785616650133854e-22
6.769725058631211e-22
6.753909558550385e-22
6.738169661664649e-22
6.72250488380664e-22
6.706914744826513e-22
6.69139876855059e-22
6.6759564827405405e-22
6.660587419053049e-22
6.645291112999972e-22
6.630067103908988e-22
6.614914934884714e-22
6.599834152770308e-22
6.584824308109526e-22
6.569884955109241e-22
6.555015651602418e-22
6.540215959011516e-22
6.525485442312364e-22
6.510823669998432e-22
6.496230214045561e-22
6.481704649877089e-22
6.467246556329416e-22
6.452855515617951e-22
6.438531113303497e-22
6.424272938259e-22
6.410080582636724e-22
6.395953641835782e-22
6.381891714470073e-22
6.367894402336587e-22
6.353961310384081e-22
6.340092046682123e-22
6.326286222390506e-22
6.312543451729003e-22
6.298863351947484e-22
6.285245543296383e-22
6.271689648997509e-22
6.258195295215175e-22
6.244762111027695e-22
6.231389728399178e-22
6.218077782151659e-22
6.204825909937565e-22
6.191633752212474e-22
6.17850095220819e-22
6.165427155906144e-22
6.1524120120110765e-22
6.139455171925035e-22
6.126556289721658e-22
6.113715022120756e-22
6.1009310284631775e-22
6.088203970685962e-22
6.0755335132977675e-22
6.062919323354591e-22
6.050361070435729e-22
6.037858426620058e-22
6.025411066462526e-22
6.013018666970946e-22
6.000680907583035e-22
5.988397470143706e-22
5.97616803888262e-22
5.963992300391979e-22
5.9518699436045735e-22
5.9398006597720675e-22
5.927784142443526e-22
5.91582008744417e-22
5.903908192854396e-22
5.8920481589889695e-22
5.880239688376515e-22
5.868482485739174e-22
5.856776257972512e-22
5.845120714125648e-22
5.833515565381582e-22
5.821960525037755e-22
5.810455308486811e-22
5.798999633197562e-22
5.787593218696175e-22
5.776235786547543e-22
5.764927060336873e-22
5.7536667656514595e-22
5.7424546300626675e-22
5.73129038310809e-22
5.720173756273914e-22
5.70910448297747e-22
5.698082298549954e-22
5.687106940219362e-22
5.676178147093572e-22
5.665295660143632e-22
5.654459222187216e-22
5.643668577872248e-22
5.63292347366071e-22
5.622223657812614e-22
5.611568880370145e-22
5.600958893141968e-22
5.590393449687706e-22
5.579872305302569e-22
5.569395217002157e-22
5.558961943507412e-22
5.548572245229729e-22
5.538225884256224e-22
5.527922624335152e-22
5.517662230861482e-22
5.507444470862606e-22
5.497269112984221e-22
5.487135927476331e-22
5.477044686179406e-22
5.466995162510682e-22
5.456987131450602e-22
5.447020369529393e-22
5.437094654813784e-22
5.427209766893851e-22
5.417365486870008e-22
5.407561597340131e-22
5.397797882386784e-22
5.3880741275646245e-22
5.378390119887893e-22
5.368745647818046e-22
5.359140501251519e-22
5.349574471507602e-22
5.340047351316438e-22
5.330558934807156e-22
5.321109017496103e-22
5.311697396275208e-22
5.302323869400456e-22
5.292988236480476e-22
5.283690298465255e-22
5.274429857634939e-22
5.265206717588777e-22
5.256020683234143e-22
5.246871560775695e-22
5.23775915770462e-22
5.228683282787997e-22
5.219643746058258e-22
5.210640358802758e-22
5.201672933553444e-22
5.192741284076624e-22
5.183845225362842e-22
5.174984573616851e-22
5.166159146247667e-22
5.157368761858757e-22
5.148613240238274e-22
5.139892402349432e-22
5.131206070320947e-22
5.1225540674375785e-22
5.11393621813076e-22
5.105352347969326e-22
5.096802283650318e-22
5.088285852989897e-22
5.07980288491432e-22
5.071353209451019e-22
5.06293665771976e-22
5.05455306192389e-22
5.046202255341663e-22
5.037884072317655e-22
5.029598348254243e-22
5.021344919603197e-22
5.013123623857321e-22
5.004934299542189e-22
4.9967767862079555e-22
4.988650924421244e-22
4.980556555757109e-22
4.972493522791078e-22
4.964461669091264e-22
4.956460839210564e-22
4.948490878678905e-22
4.94055163399559e-22
4.9326429526217e-22
4.924764682972576e-22
4.91691667441036e-22
4.90909877723661e-22
4.901310842684993e-22
4.893552722914031e-22
4.885824270999926e-22
4.878125340929442e-22
4.870455787592854e-22
4.862815466776982e-22
4.855204235158246e-22
4.847621950295831e-22
4.840068470624891e-22
4.832543655449811e-22
4.825047364937547e-22
4.817579460111014e-22
4.810139802842543e-22
4.802728255847387e-22
4.7953446826773e-22
4.787988947714162e-22
4.780660916163664e-22
4.773360454049062e-22
4.76608742820497e-22
4.758841706271221e-22
4.751623156686779e-22
4.744431648683706e-22
4.737267052281182e-22
4.730129238279588e-22
4.723018078254625e-22
4.715933444551506e-22
4.708875210279172e-22
4.701843249304595e-22
4.694837436247105e-22
4.687857646472776e-22
4.680903756088862e-22
4.673975641938283e-22
4.667073181594161e-22
4.660196253354399e-22
4.653344736236311e-22
4.646518509971308e-22
4.639717454999612e-22
4.63294145246503e-22
4.626190384209776e-22
4.619464132769328e-22
4.6127625813673415e-22
4.606085613910592e-22
4.59943311498398e-22
4.59280496984557e-22
4.586201064421665e-22
4.579621285301945e-22
4.573065519734626e-22
4.566533655621671e-22
4.560025581514049e-22
4.553541186607015e-22
4.547080360735457e-22
4.540642994369262e-22
4.534228978608728e-22
4.52783820518002e-22
4.521470566430663e-22
4.515125955325073e-22
4.5088042654401215e-22
4.502505390960746e-22
4.4962292266755925e-22
4.489975667972698e-22
4.483744610835216e-22
4.477535951837155e-22
4.471349588139183e-22
4.465185417484449e-22
4.459043338194447e-22
4.452923249164913e-22
4.44682504986175e-22
4.440748640317008e-22
4.434693921124867e-22
4.428660793437684e-22
4.422649158962055e-22
4.416658919954917e-22
4.410689979219672e-22
4.404742240102364e-22
4.398815606487873e-22
4.392909982796136e-22
4.387025273978422e-22
4.381161385513603e-22
4.375318223404498e-22
4.369495694174212e-22
4.363693704862524e-22
4.357912163022298e-22
4.352150976715927e-22
4.346410054511803e-22
4.340689305480827e-22
4.33498863919292e-22
4.329307965713604e-22
4.3236471956005745e-22
4.318006239900317e-22
4.312385010144756e-22
4.306783418347917e-22
4.301201377002627e-22
4.295638799077244e-22
4.290095598012398e-22
4.284571687717775e-22
4.27906698256892e-22
4.273581397404063e-22
4.268114847520976e-22
4.262667248673861e-22
4.257238517070239e-22
4.251828569367899e-22
4.24643732267184e-22
4.241064694531261e-22
4.23571060293656e-22
4.2303749663163596e-22
4.2250577035345694e-22
4.2197587338874524e-22
4.214477977100729e-22
4.209215353326699e-22
4.203970783141382e-22
4.1987441875417e-22
4.193535487942648e-22
4.1883446061745233e-22
4.183171464480155e-22
4.1780159855121597e-22
4.172878092330222e-22
4.1677577083983983e-22
4.1626547575824304e-22
4.157569164147096e-22
4.152500852753571e-22
4.1474497484568126e-22
4.1424157767029624e-22
4.137398863326777e-22
4.1323989345490713e-22
4.127415916974184e-22
4.1224497375874614e-22
4.1175003237527654e-22
4.112567603210001e-22
4.1076515040726505e-22
4.102751954825348e-22
4.0978688843214517e-22
4.093002221780651e-22
4.088151896786584e-22
4.0833178392844757e-22
4.078499979578791e-22
4.0736982483309134e-22
4.068912576556835e-22
4.064142895624865e-22
4.0593891372533605e-22
4.054651233508471e-22
4.049929116801893e-22
4.045222719888663e-22
4.0405319758649426e-22
4.035856818165837e-22
4.0311971805632247e-22
4.0265529971636005e-22
4.0219242024059464e-22
4.0173107310595997e-22
4.012712518222158e-22
4.0081294993173843e-22
4.0035616100931407e-22
3.9990087866193227e-22
3.994470965285823e-22
3.9899480828005048e-22
3.985440076187194e-22
3.9809468827836725e-22
3.9764684402397136e-22
3.9720046865150995e-22
3.967555559877683e-22
3.9631209989014434e-22
3.9587009424645715e-22
3.954295329747554e-22
3.9499041002312855e-22
3.945527193695188e-22
3.941164550215346e-22
3.936816110162657e-22
3.932481814200985e-22
3.9281616032853528e-22
3.9238554186601147e-22
3.919563201857171e-22
3.9152848946941817e-22
3.911020439272792e-22
3.9067697779768784e-22
3.9025328534708054e-22
3.8983096086976927e-22
3.8940999868776926e-22
3.889903931506292e-22
3.8857213863526094e-22
3.88155229545772e-22
3.8773966031329857e-22
3.873254253958398e-22
3.8691251927809286e-22
3.8650093647129073e-22
3.8609067151303894e-22
3.8568171896715557e-22
3.8527407342351125e-22
3.848677294978701e-22
3.8446268183173305e-22
3.8405892509218146e-22
3.8365645397172116e-22
3.8325526318812977e-22
3.828553474843025e-22
3.8245670162810113e-22
3.82059320412203e-22
3.8166319865395143e-22
3.8126833119520727e-22
3.8087471290220133e-22
3.8048233866538773e-22
3.8009120339929894e-22
3.7970130204240097e-22
3.793126295569506e-22
3.7892518092885256e-22
3.785389511675185e-22
3.781539353057269e-22
3.7777012839948333e-22
3.773875255278826e-22
3.7700612179297125e-22
3.7662591231961125e-22
3.762468922553448e-22
3.758690567702593e-22
3.7549240105685504e-22
3.7511692032991147e-22
3.747426098263564e-22
3.7436946480513513e-22
3.739974805470805e-22
3.7362665235478424e-22
3.732569755524693e-22
3.7288844548586246e-22
3.725210575220682e-22
3.721548070494434e-22
3.7178968947747354e-22
3.7142570023664827e-22
3.7106283477833985e-22
3.707010885746803e-22
3.7034045711844074e-22
3.6998093592291185e-22
3.6962252052178376e-22
3.6926520646902843e-22
3.689089893387812e-22
3.685538647252246e-22
3.6819982824247185e-22
3.678468755244522e-22
3.6749500222479597e-22
3.6714420401672123e-22
3.667944765929207e-22
3.6644581566545017e-22
3.660982169656166e-22
3.6575167624386775e-22
3.6540618926968287e-22
3.650617518314628e-22
3.6471835973642234e-22
3.6437600881048273e-22
3.640346948981643e-22
3.6369441386248065e-22
3.633551615848334e-22
3.630169339649076e-22
3.6267972692056743e-22
3.623435363877529e-22
3.620083583203782e-22
3.6167418869022847e-22
3.613410234868598e-22
3.6100885871749826e-22
3.6067769040694006e-22
3.6034751459745255e-22
3.6001832734867573e-22
3.596901247375243e-22
3.5936290285809084e-22
3.5903665782154893e-22
3.587113857560576e-22
3.5838708280666603e-22
3.5806374513521895e-22
3.5774136892026257e-22
3.5741995035695153e-22
3.57099485656956e-22
3.5677997104836983e-22
3.5646140277561876e-22
3.561437770993698e-22
3.5582709029644096e-22
3.5551133865971156e-22
3.55196518498033e-22
3.5488262613614054e-22
3.5456965791456535e-22
3.542576101895471e-22
3.5394647933294735e-22
3.536362617321632e-22
3.5332695379004187e-22
3.5301855192479555e-22
3.527110525699172e-22
3.524044521740959e-22
3.5209874720113477e-22
3.5179393412986643e-22
3.514900094540722e-22
3.511869696823997e-22
3.508848113382816e-22
3.5058353095985495e-22
3.502831250998817e-22
3.4998359032566734e-22
3.4968492321898406e-22
3.4938712037599013e-22
3.4909017840715313e-22
3.4879409393717158e-22
3.484988636048983e-22
3.4820448406326346e-22
3.47910951979199e-22
3.476182640335622e-22
3.4732641692106114e-22
3.4703540735018024e-22
3.4674523204310543e-22
3.464558877356509e-22
3.461673711771861e-22
3.4587967913056207e-22
3.4559280837204054e-22
3.453067556912209e-22
3.4502151789096926e-22
3.447370917873477e-22
3.4445347420954376e-22
3.4417066199980043e-22
3.4388865201334626e-22
3.4360744111832664e-22
3.4332702619573513e-22
3.4304740413934497e-22
3.427685718556411e-22
3.424905262637536e-22
3.4221326429538984e-22
3.4193678289476833e-22
3.416610790185526e-22
3.413861496357856e-22
3.4111199172782396e-22
3.408386022882738e-22
3.405659783229255e-22
3.402941168496905e-22
3.4002301489853687e-22
3.3975266951142643e-22
3.39483077742252e-22
3.392142366567743e-22
3.389461433325609e-22
3.3867879485892327e-22
3.3841218833685683e-22
3.3814632087897863e-22
3.3788118960946806e-22
3.376167916640058e-22
3.373531241897144e-22
3.3709018434509875e-22
3.368279692999871e-22
3.365664762354723e-22
3.363057023438534e-22
3.3604564482857774e-22
3.3578630090418353e-22
3.355276677962422e-22
3.3526974274130166e-22
3.3501252298682997e-22
3.3475600579115884e-22
3.3450018842342783e-22
3.3424506816352896e-22
3.3399064230205115e-22
3.3373690814022586e-22
3.3348386298987253e-22
3.3323150417334395e-22
3.3297982902347264e-22
3.327288348835177e-22
3.3247851910711123e-22
3.3222887905820525e-22
3.319799121110197e-22
3.317316156499904e-22
3.3148398706971557e-22
3.312370237749063e-22
3.30990723180334e-22
3.3074508271077994e-22
3.3050009980098404e-22
3.3025577189559503e-22
3.300120964491204e-22
3.297690709258764e-22
3.2952669279993837e-22
3.292849595550923e-22
3.2904386868478505e-22
3.288034176920769e-22
3.28563604089592e-22
3.2832442539947136e-22
3.280858791533248e-22
3.2784796289218337e-22
3.2761067416645267e-22
3.273740105358653e-22
3.271379695694353e-22
3.2690254884541064e-22
3.266677459512282e-22
3.2643355848346726e-22
3.2619998404780505e-22
3.2596702025897027e-22
3.2573466474069884e-22
3.255029151256897e-22
3.2527176905555945e-22
3.2504122418079854e-22
3.2481127816072764e-22
3.245819286634539e-22
3.2435317336582774e-22
3.2412500995339884e-22
3.2389743612037453e-22
3.236704495695765e-22
3.2344404801239864e-22
3.232182291687646e-22
3.229929907670865e-22
3.2276833054422283e-22
3.225442462454371e-22
3.223207356243572e-22
3.22097796442934e-22
3.2187542647140074e-22
3.2165362348823285e-22
3.2143238528010755e-22
3.2121170964186426e-22
3.209915943764645e-22
3.207720372949523e-22
3.2055303621641553e-22
3.2033458896794614e-22
3.201166933846022e-22
3.1989934730936856e-22
3.196825485931189e-22
3.194662950945773e-22
3.1925058468028087e-22
3.1903541522454137e-22
3.1882078460940833e-22
3.1860669072463133e-22
3.183931314676232e-22
3.1818010474342313e-22
3.1796760846466006e-22
3.1775564055151633e-22
3.175441989316912e-22
3.1733328154036514e-22
3.171228863201641e-22
3.1691301122112337e-22
3.1670365420065316e-22
3.164948132235022e-22
3.1628648626172383e-22
3.1607867129464058e-22
3.1587136630881e-22
3.156645692979897e-22
3.1545827826310384e-22
3.1525249121220863e-22
3.1504720616045868e-22
3.148424211300734e-22
3.146381341503036e-22
3.1443434325739815e-22
3.1423104649457104e-22
3.1402824191196823e-22
3.1382592756663558e-22
3.136241015224857e-22
3.1342276185026604e-22
3.1322190662752637e-22
3.1302153393858727e-22
3.128216418745082e-22
3.126222285330557e-22
3.1242329201867237e-22
3.122248304424453e-22
3.1202684192207475e-22
3.1182932458184414e-22
3.1163227655258843e-22
3.1143569597166408e-22
3.112395809829185e-22
3.110439297366596e-22
3.1084874038962637e-22
3.1065401110495837e-22
3.104597400521664e-22
3.1026592540710255e-22
3.1007256535193154e-22
3.098796580751007e-22
3.096872017713112e-22
3.094951946414895e-22
3.09303634892758e-22
3.0911252073840706e-22
3.0892185039786597e-22
3.087316220966753e-22
3.085418340664581e-22
3.0835248454489263e-22
3.081635717756843e-22
3.0797509400853766e-22
3.0778704949912924e-22
3.0759943650908046e-22
3.0741225330592965e-22
3.0722549816310596e-22
3.070391693599016e-22
3.068532651814455e-22
3.0666778391867686e-22
3.064827238683183e-22
3.0629808333284945e-22
3.0611386062048153e-22
3.0593005404513036e-22
3.057466619263911e-22
3.05563682589512e-22
3.0538111436536976e-22
3.051989555904426e-22
3.0501720460678585e-22
3.0483585976200696e-22
3.0465491940923965e-22
3.0447438190711936e-22
3.042942456197588e-22
3.041145089167225e-22
3.039351701730031e-22
3.037562277689962e-22
3.0357768009047683e-22
3.033995255285745e-22
3.0322176247975013e-22
3.0304438934577108e-22
3.028674045336884e-22
3.026908064558127e-22
3.025145935296904e-22
3.023387641780812e-22
3.021633168289338e-22
3.019882499153635e-22
3.018135618756291e-22
3.0163925115310946e-22
3.0146531619628154e-22
3.012917554586973e-22
3.011185673989611e-22
3.0094575048070767e-22
3.007733031725793e-22
3.006012239482044e-22
3.0042951128617474e-22
3.002581636700238e-22
3.0008717958820526e-22
2.9991655753407054e-22
2.9974629600584816e-22
2.9957639350662157e-22
2.9940684854430795e-22
2.9923765963163724e-22
2.9906882528613033e-22
2.9890034403007914e-22
2.987322143905245e-22
2.9856443489923617e-22
2.983970040926918e-22
2.982299205120563e-22
2.9806318270316183e-22
2.9789678921648677e-22
2.9773073860713563e-22
2.975650294348193e-22
2.9739966026383446e-22
2.9723462966304424e-22
2.970699362058575e-22
2.9690557847020986e-22
2.9674155503854366e-22
2.965778644977888e-22
2.9641450543934267e-22
2.962514764590511e-22
2.9608877615718977e-22
2.959264031384439e-22
2.9576435601189014e-22
2.9560263339097706e-22
2.954412338935066e-22
2.9528015614161525e-22
2.9511939876175553e-22
2.9495896038467683e-22
2.9479883964540816e-22
2.946390351832383e-22
2.9447954564169865e-22
2.9432036966854454e-22
2.9416150591573727e-22
2.9400295303942617e-22
2.938447096999307e-22
2.9368677456172236e-22
2.935291462934073e-22
2.9337182356770846e-22
2.9321480506144846e-22
2.930580894555315e-22
2.929016754349266e-22
2.9274556168864976e-22
2.925897469097474e-22
2.924342297952787e-22
2.9227900904629876e-22
2.9212408336784215e-22
2.919694514689053e-22
2.9181511206243013e-22
2.916610638652874e-22
2.9150730559826014e-22
2.91353835986027e-22
2.91200653757146e-22
2.9104775764403796e-22
2.9089514638297057e-22
2.907428187140418e-22
2.905907733811645e-22
2.9043900913204933e-22
2.9028752471818997e-22
2.9013631889484624e-22
2.899853904210293e-22
2.8983473805948523e-22
2.896843605766798e-22
2.8953425674278237e-22
2.893844253316516e-22
2.8923486512081865e-22
2.890855748914731e-22
2.8893655342844668e-22
2.8878779952019884e-22
2.886393119588017e-22
2.884910895399243e-22
2.8834313106281846e-22
2.8819543533030366e-22
2.8804800114875213e-22
2.8790082732807423e-22
2.8775391268170374e-22
2.876072560265838e-22
2.8746085618315147e-22
2.873147119753242e-22
2.8716882223048505e-22
2.8702318577946847e-22
2.868778014565458e-22
2.8673266809941217e-22
2.8658778454917107e-22
2.8644314965032107e-22
2.862987622507423e-22
2.8615462120168153e-22
2.860107253577392e-22
2.858670735768554e-22
2.8572366472029613e-22
2.855804976526403e-22
2.8543757124176505e-22
2.8529488435883347e-22
2.851524358782805e-22
2.850102246777998e-22
2.8486824963833073e-22
2.8472650964404456e-22
2.8458500358233194e-22
2.8444373034378964e-22
2.8430268882220723e-22
2.841618779145546e-22
2.840212965209686e-22
2.8388094354474077e-22
2.837408178923043e-22
2.836009184732211e-22
2.834612442001695e-22
2.833217939889317e-22
2.8318256675838097e-22
2.8304356143046955e-22
2.8290477693021565e-22
2.8276621218569195e-22
2.826278661280128e-22
2.82489737691322e-22
2.823518258127809e-22
2.8221412943255605e-22
2.820766474938073e-22
2.8193937894267576e-22
2.81802322728272e-22
2.8166547780266403e-22
2.815288431208653e-22
2.813924176408238e-22
2.8125620032340886e-22
2.811201901324013e-22
2.809843860344804e-22
2.8084878699921304e-22
2.80713391999042e-22
2.805782000092747e-22
2.8044321000807168e-22
2.803084209764357e-22
2.8017383189819976e-22
2.800394417600162e-22
2.7990524955134587e-22
2.7977125426444682e-22
2.79637454894363e-22
2.7950385043891355e-22
2.793704398986818e-22
2.7923722227700426e-22
2.7910419657996e-22
2.7897136181635962e-22
2.7883871699773456e-22
2.787062611383266e-22
2.785739932550772e-22
2.7844191236761636e-22
2.783100174982529e-22
2.7817830767196347e-22
2.7804678191638207e-22
2.7791543926179027e-22
2.777842787411057e-22
2.7765329938987302e-22
2.7752250024625295e-22
2.773918803510122e-22
2.7726143874751325e-22
2.771311744817045e-22
2.7700108660211003e-22
2.7687117415981963e-22
2.767414362084787e-22
2.766118718042786e-22
2.7648248000594653e-22
2.763532598747357e-22
2.762242104744159e-22
2.7609533087126337e-22
2.759666201340513e-22
2.7583807733404005e-22
2.757097015449677e-22
2.755814918430405e-22
2.754534473069232e-22
2.7532556701772955e-22
2.751978500590133e-22
2.7507029551675827e-22
2.749429024793694e-22
2.7481567003766297e-22
2.7468859728485824e-22
2.7456168331656723e-22
2.744349272307862e-22
2.743083281278862e-22
2.741818851106043e-22
2.7405559728403425e-22
2.739294637556175e-22
2.738034836351345e-22
2.736776560346956e-22
2.7355198006873194e-22
2.73426454853987e-22
2.73301079509508e-22
2.7317585315663604e-22
2.7305077491899903e-22
2.7292584392250127e-22
2.728010592953161e-22
2.7267642016787685e-22
2.725519256728683e-22
2.7242757494521803e-22
2.7230336712208814e-22
2.721793013428665e-22
2.720553767491591e-22
2.7193159248478053e-22
2.718079476957464e-22
2.716844415302654e-22
2.715610731387298e-22
2.714378416737085e-22
2.713147462899382e-22
2.711917861443153e-22
2.71068960395888e-22
2.7094626820584815e-22
2.708237087375228e-22
2.70701281156367e-22
2.7057898462995503e-22
2.7045681832797354e-22
2.703347814222119e-22
2.702128730865564e-22
2.7009109249698076e-22
2.699694388315394e-22
2.69847911270359e-22
2.6972650899563167e-22
2.696052311916058e-22
2.6948407704458005e-22
2.6936304574289462e-22
2.6924213647692406e-22
2.691213484390698e-22
2.6900068082375244e-22
2.6888013282740443e-22
2.687597036484623e-22
2.6863939248735973e-22
2.6851919854652015e-22
2.6839912103034854e-22
2.682791591452253e-22
2.681593120994983e-22
2.6803957910347543e-22
2.6791995936941803e-22
2.6780045211153316e-22
2.676810565459668e-22
2.6756177189079653e-22
2.6744259736602443e-22
2.673235321935699e-22
2.672045755972631e-22
2.6708572680283743e-22
2.66966985037923e-22
2.668483495320391e-22
2.667298195165879e-22
2.6661139422484744e-22
2.6649307289196434e-22
2.663748547549474e-22
2.6625673905266087e-22
2.6613872502581738e-22
2.660208119169716e-22
2.659029989705131e-22
2.6578528543265976e-22
2.656676705514517e-22
2.655501535767437e-22
2.6543273376019948e-22
2.6531541035528463e-22
2.651981826172605e-22
2.650810498031772e-22
2.6496401117186746e-22
2.6484706598394e-22
2.6473021350177363e-22
2.6461345298950986e-22
2.644967837130477e-22
2.6438020494003648e-22
2.642637159398697e-22
2.6414731598367923e-22
2.640310043443286e-22
2.6391478029640673e-22
2.6379864311622195e-22
2.6368259208179597e-22
2.6356662647285727e-22
2.634507455708354e-22
2.633349486588549e-22
2.632192350217286e-22
2.6310360394595266e-22
2.629880547196995e-22
2.628725866328124e-22
2.6275719897679946e-22
2.6264189104482774e-22
2.6252666213171684e-22
2.6241151153393387e-22
2.622964385495865e-22
2.621814424784185e-22
2.620665226218025e-22
2.619516782827354e-22
2.6183690876583163e-22
2.6172221337731823e-22
2.6160759142502853e-22
2.6149304221839673e-22
2.6137856506845243e-22
2.6126415928781436e-22
2.611498241906858e-22
2.610355590928478e-22
2.6092136331165435e-22
2.6080723616602664e-22
2.606931769764477e-22
2.605791850649568e-22
2.6046525975514343e-22
2.6035140037214303e-22
2.6023760624263057e-22
2.601238766948153e-22
2.600102110584359e-22
2.5989660866475433e-22
2.597830688465514e-22
2.596695909381203e-22
2.595561742752627e-22
2.5944281819528224e-22
2.5932952203698e-22
2.5921628514064894e-22
2.59103106848069e-22
2.589899865025015e-22
2.5887692344868427e-22
2.5876391703282666e-22
2.586509666026041e-22
2.585380715071529e-22
2.584252310970656e-22
2.5831244472438584e-22
2.581997117426027e-22
2.5808703150664675e-22
2.5797440337288425e-22
2.578618266991121e-22
2.5774930084455365e-22
2.576368251698533e-22
2.575243990370713e-22
2.574120218096793e-22
2.572996928525556e-22
2.571874115319796e-22
2.570751772156279e-22
2.5696298927256855e-22
2.5685084707325727e-22
2.567387499895316e-22
2.566266973946069e-22
2.5651468866307158e-22
2.5640272317088217e-22
2.562908002953582e-22
2.5617891941517873e-22
2.5606707991037634e-22
2.559552811623336e-22
2.558435225537776e-22
2.5573180346877605e-22
2.556201232927323e-22
2.5550848141238076e-22
2.553968772157825e-22
2.552853100923208e-22
2.5517377943269647e-22
2.550622846289235e-22
2.549508250743244e-22
2.5483940016352622e-22
2.547280092924552e-22
2.5461665185833355e-22
2.545053272596743e-22
2.543940348962769e-22
2.54282774169223e-22
2.541715444808726e-22
2.540603452348588e-22
2.539491758360842e-22
2.5383803569071633e-22
2.5372692420618346e-22
2.536158407911704e-22
2.5350478485561403e-22
2.5339375581069933e-22
2.532827530688552e-22
2.531717760437499e-22
2.5306082415028745e-22
2.52949896804603e-22
2.528389934240588e-22
2.5272811342724034e-22
2.5261725623395214e-22
2.525064212652134e-22
2.5239560794325398e-22
2.522848156915109e-22
2.5217404393462356e-22
2.520632920984304e-22
2.519525596099642e-22
2.5184184589744856e-22
2.5173115039029406e-22
2.5162047251909376e-22
2.5150981171561958e-22
2.5139916741281863e-22
2.5128853904480887e-22
2.5117792604687516e-22
2.510673278554662e-22
2.509567439081894e-22
2.508461736438083e-22
2.507356165022376e-22
2.5062507192454033e-22
2.5051453935292336e-22
2.5040401823073403e-22
2.5029350800245613e-22
2.5018300811370645e-22
2.5007251801123035e-22
2.4996203714289903e-22
2.4985156495770486e-22
2.4974110090575864e-22
2.4963064443828493e-22
2.49520195007619e-22
2.4940975206720327e-22
2.4929931507158306e-22
2.4918888347640377e-22
2.4907845673840626e-22
2.4896803431542446e-22
2.4885761566638086e-22
2.487472002512833e-22
2.4863678753122144e-22
2.48526376968363e-22
2.484159680259506e-22
2.483055601682978e-22
2.4819515286078617e-22
2.480847455698611e-22
2.47974337763029e-22
2.478639289088534e-22
2.477535184769518e-22
2.47643105937992e-22
2.475326907636888e-22
2.4742227242680056e-22
2.4731185040112602e-22
2.472014241615005e-22
2.4709099318379297e-22
2.4698055694490224e-22
2.4687011492275426e-22
2.4675966659629824e-22
2.4664921144550356e-22
2.4653874895135635e-22
2.464282785958565e-22
2.46317799862014e-22
2.4620731223384586e-22
2.4609681519637312e-22
2.4598630823561706e-22
2.458757908385965e-22
2.457652624933242e-22
2.4565472268880415e-22
2.4554417091502758e-22
2.4543360666297086e-22
2.4532302942459125e-22
2.452124386928246e-22
2.451018339615818e-22
2.449912147257457e-22
2.4488058048116806e-22
2.447699307246663e-22
2.446592649540208e-22
2.445485826679715e-22
2.444378833662146e-22
2.4432716654940006e-22
2.4421643171912855e-22
2.4410567837794774e-22
2.439949060293499e-22
2.438841141777687e-22
2.4377330232857623e-22
2.4366246998808016e-22
2.4355161666352043e-22
2.434407418630666e-22
2.4332984509581475e-22
2.432189258717847e-22
2.431079837019168e-22
2.4299701809806924e-22
2.428860285730152e-22
2.427750146404398e-22
2.42663975814937e-22
2.4255291161200735e-22
2.424418215480548e-22
2.423307051403835e-22
2.4221956190719553e-22
2.4210839136758784e-22
2.4199719304154914e-22
2.4188596644995776e-22
2.4177471111457835e-22
2.41663426558059e-22
2.4155211230392908e-22
2.4144076787659577e-22
2.4132939280134174e-22
2.4121798660432215e-22
2.411065488125623e-22
2.4099507895395445e-22
2.408835765572554e-22
2.4077204115208365e-22
2.4066047226891686e-22
2.40548869439089e-22
2.404372321947878e-22
2.4032556006905212e-22
2.402138525957688e-22
2.4010210930967084e-22
2.3999032974633466e-22
2.3987851344217634e-22
2.3976665993445055e-22
2.3965476876124676e-22
2.3954283946148763e-22
2.394308715749255e-22
2.393188646421407e-22
2.3920681820453793e-22
2.390947318043449e-22
2.3898260498460895e-22
2.3887043728919455e-22
2.3875822826278145e-22
2.3864597745086132e-22
2.3853368439973577e-22
2.3842134865651386e-22
2.3830896976910906e-22
2.381965472862375e-22
2.3808408075741515e-22
2.3797156973295514e-22
2.3785901376396586e-22
2.3774641240234816e-22
2.376337652007926e-22
2.375210717127779e-22
2.3740833149256756e-22
2.3729554409520827e-22
2.371827090765268e-22
2.3706982599312844e-22
2.3695689440239367e-22
2.368439138624765e-22
2.3673088393230166e-22
2.3661780417156266e-22
2.365046741407194e-22
2.3639149340099505e-22
2.362782615143752e-22
2.3616497804360374e-22
2.3605164255218233e-22
2.3593825460436676e-22
2.358248137651653e-22
2.357113196003363e-22
2.3559777167638583e-22
2.3548416956056553e-22
2.3537051282087014e-22
2.3525680102603566e-22
2.351430337455365e-22
2.3502921054958382e-22
2.3491533100912306e-22
2.3480139469583163e-22
2.346874011821167e-22
2.345733500411134e-22
2.34459240846682e-22
2.3434507317340616e-22
2.342308465965907e-22
2.341165606922594e-22
2.340022150371523e-22
2.3388780920872476e-22
2.3377334278514413e-22
2.336588153452882e-22
2.335442264687428e-22
2.3342957573580007e-22
2.3331486272745587e-22
2.332000870254079e-22
2.3308524821205386e-22
2.3297034587048844e-22
2.328553795845027e-22
2.3274034893858044e-22
2.326252535178973e-22
2.325100929083181e-22
2.3239486669639476e-22
2.3227957446936474e-22
2.3216421581514863e-22
2.320487903223478e-22
2.319332975802431e-22
2.318177371787924e-22
2.317021087086286e-22
2.315864117610577e-22
2.3147064592805673e-22
2.3135481080227188e-22
2.312389059770164e-22
2.3112293104626875e-22
2.310068856046704e-22
2.308907692475241e-22
2.307745815707918e-22
2.306583221710929e-22
2.3054199064570187e-22
2.3042558659254684e-22
2.3030910961020713e-22
2.3019255929791207e-22
2.3007593525553817e-22
2.2995923708360795e-22
2.298424643832878e-22
2.2972561675638584e-22
2.2960869380535043e-22
2.2949169513326795e-22
2.293746203438613e-22
2.2925746904148763e-22
2.2914024083113668e-22
2.2902293531842905e-22
2.2890555210961407e-22
2.287880908115682e-22
2.286705510317929e-22
2.2855293237841333e-22
2.284352344601758e-22
2.2831745688644685e-22
2.281995992672104e-22
2.2808166121306687e-22
2.2796364233523095e-22
2.2784554224552964e-22
2.2772736055640086e-22
2.2760909688089157e-22
2.274907508326559e-22
2.273723220259532e-22
2.272538100756469e-22
2.2713521459720194e-22
2.270165352066837e-22
2.2689777152075594e-22
2.2677892315667914e-22
2.266599897323087e-22
2.2654097086609333e-22
2.264218661770732e-22
2.2630267528487847e-22
2.261833978097273e-22
2.2606403337242434e-22
2.2594458159435894e-22
2.2582504209750344e-22
2.2570541450441177e-22
2.255856984382172e-22
2.254658935226314e-22
2.253459993819422e-22
2.252260156410122e-22
2.251059419252769e-22
2.249857778607435e-22
2.248655230739889e-22
2.247451771921578e-22
2.246247398429618e-22
2.2450421065467715e-22
2.2438358925614357e-22
2.2426287527676235e-22
2.2414206834649477e-22
2.240211680958606e-22
2.239001741559363e-22
2.2377908615835403e-22
2.236579037352993e-22
2.2353662651950963e-22
2.234152541442735e-22
2.232937862434278e-22
2.2317222245135734e-22
2.230505624029923e-22
2.229288057338075e-22
2.228069520798204e-22
2.2268500107758955e-22
2.225629523642135e-22
2.224408055773285e-22
2.223185603551077e-22
2.2219621633625923e-22
2.220737731600249e-22
2.2195123046617843e-22
2.2182858789502434e-22
2.2170584508739596e-22
2.2158300168465436e-22
2.214600573286866e-22
2.2133701166190446e-22
2.2121386432724257e-22
2.2109061496815763e-22
2.209672632286262e-22
2.208438087531436e-22
2.207202511867224e-22
2.2059659017489113e-22
2.204728253636925e-22
2.2034895639968215e-22
2.202249829299274e-22
2.2010090460200513e-22
2.199767210640014e-22
2.1985243196450895e-22
2.1972803695262676e-22
2.1960353567795767e-22
2.194789277906079e-22
2.193542129411848e-22
2.192293907807963e-22
2.1910446096104853e-22
2.1897942313404553e-22
2.1885427695238674e-22
2.1872902206916664e-22
2.1860365813797275e-22
2.1847818481288424e-22
2.1835260174847103e-22
2.1822690859979197e-22
2.1810110502239355e-22
2.1797519067230896e-22
2.1784916520605616e-22
2.1772302828063687e-22
2.1759677955353515e-22
2.174704186827162e-22
2.1734394532662466e-22
2.1721735914418374e-22
2.1709065979479354e-22
2.1696384693833003e-22
2.1683692023514343e-22
2.167098793460571e-22
2.1658272393236626e-22
2.164554536558365e-22
2.163280681787026e-22
2.1620056716366743e-22
2.1607295027390027e-22
2.159452171730358e-22
2.1581736752517282e-22
2.156894009948726e-22
2.1556131724715833e-22
2.154331159475132e-22
2.1530479676187956e-22
2.151763593566571e-22
2.1504780339870235e-22
2.149191285553268e-22
2.1479033449429633e-22
2.1466142088382905e-22
2.1453238739259466e-22
2.144032336897133e-22
2.1427395944475413e-22
2.14144564327734e-22
2.1401504800911633e-22
2.1388541015981e-22
2.1375565045116803e-22
2.136257685549863e-22
2.134957641435025e-22
2.1336563688939486e-22
2.13235386465781e-22
2.1310501254621662e-22
2.129745148046944e-22
2.128438929156426e-22
2.1271314655392434e-22
2.1258227539483627e-22
2.12451279114107e-22
2.1232015738789617e-22
2.1218890989279363e-22
2.1205753630581768e-22
2.1192573125560775e-22
2.1179308930510205e-22
2.1165959759156528e-22
2.1152524493757552e-22
2.1139002014033362e-22
2.1125391197257803e-22
2.1111690918351928e-22
2.109790004997968e-22
2.1084017462645433e-22
2.1070042024793806e-22
2.1055972602911433e-22
2.1041808061630953e-22
2.1027547263837035e-22
2.1013189070774636e-22
2.0998732342159287e-22
2.098417593628963e-22
2.0969518710162135e-22
2.09547595195879e-22
2.0939897219311755e-22
2.0924930663133445e-22
2.0909858704031166e-22
2.089468019428717e-22
2.0879393985615656e-22
2.086399892929294e-22
2.0848493876289738e-22
2.0832877677405812e-22
2.081714918340674e-22
2.0801307245163046e-22
2.0785350713791484e-22
2.0769278440798634e-22
2.0753089278226712e-22
2.0736782078801647e-22
2.0720355696083435e-22
2.0703808984618659e-22
2.068714080009537e-22
2.0670349999500115e-22
2.0653435441277267e-22
2.0636395985490576e-22
2.0619230493986884e-22
2.0601937830562186e-22
2.058451686112981e-22
2.056696645389082e-22
2.0549285479506623e-22
2.0531472811273781e-22
2.051352732530095e-22
2.0495447900688012e-22
2.0477233419707338e-22
2.0458882767987163e-22
2.0440394834697132e-22
2.0421768512735856e-22
2.0403002698920605e-22
2.0384096294179034e-22
2.0365048203742937e-22
2.034585733734404e-22
2.0326522609411725e-22
2.0307042939272794e-22
2.028741725135309e-22
2.026764447538106e-22
2.0247723546593242e-22
2.0227653405941486e-22
2.0207433000302118e-22
2.0187061282686808e-22
2.0166537212455193e-22
2.0145859755529264e-22
2.0125027884609347e-22
2.0104040579391824e-22
2.0082896826788343e-22
2.006159562114668e-22
2.0040135964473032e-22
2.001851686665585e-22
1.999673734569103e-22
1.9974796427908585e-22
1.9952693148200454e-22
1.9930426550249837e-22
1.9907995686761542e-22
1.9885399619693631e-22
1.9862637420490134e-22
1.9839708170314829e-22
1.981661096028607e-22
1.97933448917125e-22
1.97699090763297e-22
1.9746302636537634e-22
1.9722524705638868e-22
1.9698574428077509e-22
1.9674450959678732e-22
1.9650153467888906e-22
1.9625681132016208e-22
1.960103314347165e-22
1.9576208706010503e-22
1.9551207035973925e-22
1.9526027362530872e-22
1.950066892792013e-22
1.9475130987692325e-22
1.944941281095205e-22
1.942351368059973e-22
1.9397432893573426e-22
1.9371169761090327e-22
1.9344723608887887e-22
1.9318093777464508e-22
1.9291279622319794e-22
1.9264280514194069e-22
1.9237095839307324e-22
1.920972499959726e-22
1.9182167412956592e-22
1.9154422513469277e-22
1.912648975164573e-22
1.909836859465688e-22
1.9070058526567e-22
1.9041559048565186e-22
1.90128696791954e-22
1.8983989954584952e-22
1.8954919428671423e-22
1.892565767342781e-22
1.8896204279085826e-22
1.886655885435735e-22
1.8836721026653748e-22
1.8806690442303188e-22
1.8776466766765608e-22
1.874604968484546e-22
1.8715438900901938e-22
1.8684634139056732e-22
1.865363514339912e-22
1.8622441678188311e-22
1.8591053528053014e-22
1.8559470498187955e-22
1.8527692414547437e-22
1.849571912403573e-22
1.8463550494694138e-22
1.8431186415884875e-22
1.8398626798471277e-22
1.836587157499461e-22
1.8332920699847153e-22
1.8299774149441509e-22
1.8266431922376088e-22
1.8232894039596598e-22
1.8199160544553487e-22
1.8165231503355174e-22
1.8131107004917108e-22
1.8096787161106383e-22
1.8062272106881927e-22
1.8027562000430101e-22
1.7992657023295776e-22
1.7957557380508484e-22
1.7922263300703884e-22
1.7886775036240175e-22
1.7851092863309654e-22
1.7815217082045e-22
1.7779148016620485e-22
1.7742886015347847e-22
1.770643145076679e-22
1.766978471973015e-22
1.7632946243483352e-22
1.7595916467738458e-22
1.755869586274234e-22
1.7521284923339268e-22
1.7483684169027602e-22
1.7445894144010526e-22
1.7407915417240881e-22
1.7369748582459973e-22
1.733139425823022e-22
1.729285308796169e-22
1.7254125739932357e-22
1.7215212907302186e-22
1.7176115308120745e-22
1.7136833685328527e-22
1.7097368806751805e-22
1.7057721465091024e-22
1.7017892477902626e-22
1.6977882687574353e-22
1.693769296129392e-22
1.689732419101102e-22
1.6856777293392756e-22
1.6816053209772221e-22
1.6775152906090518e-22
1.673407737283183e-22
1.6692827624951918e-22
1.665140470179972e-22
1.6609809667032148e-22
1.6568043608522067e-22
1.6526107638259524e-22
1.6484002892246089e-22
1.6441730530382395e-22
1.6399291736348785e-22
1.6356687717479323e-22
1.6313919704628777e-22
1.6270988952032982e-22
1.6227896737162313e-22
1.6184644360568472e-22
1.6141233145724534e-22
1.6097664438858256e-22
1.6053939608778714e-22
1.601006004669631e-22
1.5966027166036226e-22
1.5921842402245212e-22
1.587750721259194e-22
1.5833023075960794e-22
1.5788391492639399e-22
1.574361398409962e-22
1.5698692092772326e-22
1.5653627381815904e-22
1.5608421434878626e-22
1.55630758558548e-22
1.5517592268635018e-22
1.5471972316850302e-22
1.5426217663610477e-22
1.5380329991236636e-22
1.5334311000987985e-22
1.5288162412782949e-22
1.524188596491478e-22
1.5195483413761743e-22
1.5148956533491915e-22
1.5102307115762715e-22
1.505553696941526e-22
1.5008647920163791e-22
1.4961641810279997e-22
1.491452049827265e-22
1.4867285858562382e-22
1.4819939781152015e-22
1.4772484171292294e-22
1.4724920949143306e-22
1.4677252049431615e-22
1.4629479421103367e-22
1.4581605026973334e-22
1.4533630843370096e-22
1.4485558859777594e-22
1.4437391078472906e-22
1.4389129514160812e-22
1.4340776193604815e-22
1.4292333155255108e-22
1.4243802448873428e-22
1.4195186135155094e-22
1.4146486285348221e-22
1.4097704980870322e-22
1.4048844312922457e-22
1.3999906382101125e-22
1.3950893298007846e-22
1.3901807178856876e-22
1.3852650151080892e-22
1.3803424348935104e-22
1.375413191409971e-22
1.370477499528092e-22
1.3655355747810725e-22
1.3605876333245616e-22
1.3556338918964243e-22
1.3506745677764307e-22
1.3457098787458806e-22
1.3407400430471704e-22
1.3357652793433385e-22
1.3307858066775737e-22
1.3258018444327352e-22
1.3208136122908623e-22
1.3158213301927355e-22
1.3108252182974548e-22
1.3058254969420864e-22
1.3008223866013704e-22
1.2958161078475244e-22
1.290806881310139e-22
1.2857949276361874e-22
1.2807804674501634e-22
1.2757637213143695e-22
1.270744909689355e-22
1.2657242528945235e-22
1.2607019710689336e-22
1.25567828413229e-22
1.2506534117461522e-22
1.245627573275369e-22
1.2406009877497486e-22
1.2355738738259793e-22
1.230546449749825e-22
1.2255189333185861e-22
1.220491541843857e-22
1.2154644921145818e-22
1.2104380003604286e-22
1.2054122822154874e-22
1.200387552682302e-22
1.1953640260962533e-22
1.190341916090306e-22
1.1853214355601173e-22
1.180302796629533e-22
1.1752862106164687e-22
1.1702718879991996e-22
1.1652600383830565e-22
1.1602508704675402e-22
1.15524459201387e-22
1.1502414098129633e-22
1.1452415296538738e-22
1.1402451562926715e-22
1.1352524934217976e-22
1.130263743639876e-22
1.1252791084220243e-22
1.1202987880906282e-22
1.1153229817866248e-22
1.110351887441271e-22
1.1053857017484312e-22
1.1004246201373689e-22
1.0954688367460524e-22
1.0905185443949852e-22
1.0855739345615706e-22
1.080635197354997e-22
1.0757025214916673e-22
1.0707760942711672e-22
1.0658561015527726e-22
1.0609427277325194e-22
1.0560361557208068e-22
1.0511365669205698e-22
1.0462441412059961e-22
1.0413590569018151e-22
1.0364814907631405e-22
1.0316116179558772e-22
1.0267496120376907e-22
1.0218956449395533e-22
1.0170498869478447e-22
1.0122125066870272e-22
1.0073836711028853e-22
1.0025635454463407e-22
9.977522932578266e-23
9.929500763522373e-23
9.881570548044353e-23
9.833733869353406e-23
9.785992292985679e-23
9.7383473666764e-23
9.690800620237563e-23
9.643353565441216e-23
9.596007695908416e-23
9.548764487003617e-23
9.501625395734699e-23
9.454591860658388e-23
9.407665301791281e-23
9.360847120526213e-23
9.314138699554074e-23
9.267541402790944e-23
9.22105657531067e-23
9.174685543282623e-23
9.128429613914784e-23
9.082290075401922e-23
9.036268196879127e-23
8.990365228380268e-23
8.944582400801607e-23
8.89892092587043e-23
8.853381996118569e-23
8.807966784860948e-23
8.762676446178886e-23
8.71751211490825e-23
8.67247490663227e-23
8.627565917679187e-23
8.582786225124351e-23
8.538136886797006e-23
8.493618941291464e-23
8.449233407982835e-23
8.404981287047021e-23
8.36086355948509e-23
8.316881187151786e-23
8.273035112788359e-23
8.229326260059368e-23
8.185755533593578e-23
8.142323819028822e-23
8.099031983060702e-23
8.055880873495239e-23
8.012871319305131e-23
7.970004130689813e-23
7.927280099139009e-23
7.884699997499973e-23
7.842264580048062e-23
7.799974582560779e-23
7.757830722395071e-23
7.715833698567974e-23
7.673984191840335e-23
7.632282864803692e-23
7.590730361970108e-23
7.549327309865096e-23
7.508074317123269e-23
7.466971974586903e-23
7.426020855407136e-23
7.385221515147965e-23
7.344574491892682e-23
7.304080306352918e-23
7.263739461980086e-23
7.223552445079166e-23
7.183519724924898e-23
7.14364175388005e-23
7.103918967515956e-23
7.064351784735018e-23
7.024940607895372e-23
6.985685822937357e-23
6.946587799511922e-23
6.907646891110781e-23
6.868863435198395e-23
6.830237753345532e-23
6.791770151364443e-23
6.753460919445568e-23
6.715310332295745e-23
6.677318649277772e-23
6.639486114551292e-23
6.601812957215014e-23
6.564299391450024e-23
6.526945616664388e-23
6.489751817638704e-23
6.452718164672744e-23
6.415844813732999e-23
6.37913190660122e-23
6.342579571023672e-23
6.306187920861278e-23
6.269957056240386e-23
6.233887063704323e-23
6.19797801636545e-23
6.16222997405784e-23
6.126642983490406e-23
6.091217078400551e-23
6.055952279708146e-23
6.020848595669908e-23
5.985906022033995e-23
5.951124542194962e-23
5.916504127348816e-23
5.882044736648268e-23
5.847746317358078e-23
5.81360880501042e-23
5.779632123560359e-23
5.745816185541179e-23
5.712160892219712e-23
5.678666133751491e-23
5.645331789335825e-23
5.612157727370592e-23
5.579143805606846e-23
5.546289871303092e-23
5.513595761379325e-23
5.481061302570646e-23
5.448686311580531e-23
5.416470595233612e-23
5.384413950628118e-23
5.352516165287714e-23
5.320777017312852e-23
5.289196275531605e-23
5.2577736996498266e-23
5.226509040400811e-23
5.195402039694211e-23
5.16445243076434e-23
5.1336599383177097e-23
5.103024278679947e-23
5.07254515994185e-23
5.0422222821047464e-23
5.01205533722496e-23
4.9820440095575856e-23
4.9521879756992886e-23
4.922486904730312e-23
4.8929404583555415e-23
4.8635482910447346e-23
4.834310050171738e-23
4.8052253761528316e-23
4.776293902584014e-23
4.7475152563774274e-23
4.7188890578966803e-23
4.6904149210912054e-23
4.6620924536295746e-23
4.633921257031753e-23
4.605900926800348e-23
4.578031052550726e-23
4.550311218140082e-23
4.5227410017953856e-23
4.495319976240265e-23
4.468047708820734e-23
4.440923761629817e-23
4.4139476916309874e-23
4.38711905078056e-23
4.3604373861488276e-23
4.333902240040106e-23
4.3075131501115537e-23
4.2812696494908846e-23
4.255171266892854e-23
4.229217526734561e-23
4.203407949249588e-23
4.1777420506008973e-23
4.1522193429926e-23
4.126839334780454e-23
4.1016015305812044e-23
4.0765054313806586e-23
4.0515505346406386e-23
4.026736334404648e-23
4.002062321402354e-23
3.977527983152832e-23
3.953132804066659e-23
3.9288762655467234e-23
3.904757846087853e-23
3.880777021375213e-23
3.8569332643815337e-23
3.8332260454630755e-23
3.809654832454424e-23
3.786219090762032e-23
3.762918283456632e-23
3.739751871364374e-23
3.7167193131568076e-23
3.6938200654396497e-23
3.6710535828403625e-23
3.648419318094565e-23
3.625916722131242e-23
3.603545244156772e-23
3.5813043317377807e-23
3.5591934308828535e-23
3.537211986123052e-23
3.515359440591287e-23
3.493635236100518e-23
3.4720388132208547e-23
3.4505696113554674e-23
3.429227068815393e-23
3.408010622893175e-23
3.386919709935455e-23
3.365953765414371e-23
3.345112223997892e-23
3.324394519619055e-23
3.3038000855440644e-23
3.2833283544393706e-23
3.262978758437628e-23
3.242750729202592e-23
3.2226436979929376e-23
3.202657095725077e-23
3.1827903530348644e-23
3.163042900338311e-23
3.143414167891231e-23
3.1239035858479115e-23
3.104510584318739e-23
3.0852345934268207e-23
3.066075043363613e-23
3.047031364443593e-23
3.028102987157902e-23
3.00928934222706e-23
2.990589860652701e-23
2.972003973768345e-23
2.9535311132892734e-23
2.9351707113614227e-23
2.916922200609381e-23
2.8987850141834425e-23
2.880758585805812e-23
2.8628423498158484e-23
2.845035741214463e-23
2.8273381957076104e-23
2.8097491497489557e-23
2.7922680405816297e-23
2.774894306279176e-23
2.757627385785619e-23
2.740466718954749e-23
2.7234117465885387e-23
2.706461910474784e-23
2.6896166534238996e-23
2.6728754193049787e-23
2.6562376530810115e-23
2.639702800843366e-23
2.6232703098454857e-23
2.606939628535823e-23
2.5907102065900615e-23
2.5745814949425592e-23
2.558552945817084e-23
2.542624012756813e-23
2.5267941506536533e-23
2.5110628157768257e-23
2.4954294658007812e-23
2.4798935598324006e-23
2.4644545584375712e-23
2.4491119236670563e-23
2.4338651190817205e-23
2.4187136097770953e-23
2.403656862407342e-23
2.3886943452085442e-23
2.373825528021396e-23
2.3590498823132802e-23
2.3443668811997213e-23
2.3297759994652837e-23
2.3152767135838427e-23
2.300868501738293e-23
2.286550843839675e-23
2.2723232215457743e-23
2.258185118279117e-23
2.2441360192444607e-23
2.2301754114457115e-23
2.216302783702353e-23
2.202517626665321e-23
2.1888194328323757e-23
2.175207696562958e-23
2.1616819140925797e-23
2.148241583546681e-23
2.134886204954039e-23
2.121615280259669e-23
2.1084283133373017e-23
2.0953248100013593e-23
2.0823042780185013e-23
2.069366227118719e-23
2.0565101690059857e-23
2.0437356173684956e-23
2.0310420878884586e-23
2.0184290982514898e-23
2.0058961681555737e-23
1.9934428193196603e-23
1.981068575491822e-23
1.9687729624570627e-23
1.956555508044695e-23
1.9444157421354034e-23
1.9323531966678862e-23
1.920367405645162e-23
1.9084579051405015e-23
1.896624233303038e-23
1.8848659303630017e-23
1.8731825386366367e-23
1.8615736025307843e-23
1.8500386685471228e-23
1.8385772852861252e-23
1.8271890034506662e-23
1.8158733758493435e-23
1.8046299573994797e-23
1.7934583051298555e-23
1.7823579781831242e-23
1.7713285378179592e-23
1.7603695474109057e-23
1.7494805724579846e-23
1.7386611805760004e-23
1.7279109415036043e-23
1.7172294271020808e-23
1.706616211355908e-23
1.6960708703730472e-23
1.6855929823849987e-23
1.6751821277466148e-23
1.6648378889356904e-23
1.654559850552316e-23
1.644347599318009e-23
1.6342007240746298e-23
1.6241188157830747e-23
1.6141014675217765e-23
1.604148274484983e-23
1.5942588339808467e-23
1.5844327454293004e-23
1.5746696103597736e-23
1.5649690324086868e-23
1.555330617316788e-23
1.5457539729262827e-23
1.5362387091778267e-23
1.5267844381073108e-23
1.5173907738425043e-23
1.508057332599509e-23
1.4987837326790904e-23
1.4895695944628188e-23
1.4804145404090746e-23
1.4713181950489065e-23
1.4622801849817308e-23
1.4533001388709158e-23
1.4443776874392014e-23
1.4355124634640032e-23
1.4267041017725656e-23
1.4179522392370184e-23
1.4092565147692816e-23
1.4006165693158617e-23
1.3920320458525207e-23
1.38350258937885e-23
1.3750278469127127e-23
1.366607467484589e-23
1.358241102131804e-23
1.349928403892675e-23
1.3416690278005352e-23
1.3334626308776776e-23
1.325308872129186e-23
1.3172074125367133e-23
1.3091579150521133e-23
1.301160044591035e-23
1.293213468026428e-23
1.2853178541819283e-23
1.277472873825226e-23
1.2696781996612975e-23
1.2619335063256041e-23
1.2542384703772215e-23
1.2465927702918606e-23
1.2389960864548633e-23
1.2314481011541323e-23
1.2239484985729563e-23
1.2164969647828407e-23
1.2090931877362191e-23
1.2017368572591461e-23
1.1944276650439449e-23
1.1871653046417585e-23
1.179949471455094e-23
1.17277986273032e-23
1.1656561775500745e-23
1.1585781168256916e-23
1.1515453832895301e-23
1.1445576814872977e-23
1.1376147177703381e-23
1.1307162002878457e-23
1.1238618389791013e-23
1.1170513455656189e-23
1.110284433543299e-23
1.103560818174553e-23
1.0968802164803667e-23
1.0902423472323676e-23
1.0836469309448732e-23
1.0770936898668751e-23
1.070582347974056e-23
1.0641126309607366e-23
1.0576842662318344e-23
1.051296982894807e-23
1.0449505117515451e-23
1.0386445852903004e-23
1.0323789376775528e-23
1.0261533047498947e-23
1.0199674240059053e-23
1.0138210345979893e-23
1.0077138773242309e-23
1.001645694620245e-23
9.956162305509858e-24
9.896252308026025e-24
9.836724426742418e-24
9.777576150698763e-24
9.71880498490135e-24
9.660408450241037e-24
9.60238408341152e-24
9.544729436827614e-24
9.487442078543299e-24
9.430519592170168e-24
9.37395957679553e-24
9.317759646900835e-24
9.261917432280158e-24
9.206430577958455e-24
9.151296744110335e-24
9.096513605978469e-24
9.042078853792404e-24
8.987990192687417e-24
8.934245342623306e-24
8.88084203830347e-24
8.827778029094147e-24
8.775051078943491e-24
8.722658966301214e-24
8.670599484037924e-24
8.618870439364918e-24
8.567469653754114e-24
8.516394962857891e-24
8.465644216429363e-24
8.415215278242782e-24
8.365106026013917e-24
8.315314351320941e-24
8.265838159525176e-24
8.216675369692243e-24
8.16782391451345e-24
8.119281740227093e-24
8.071046806540385e-24
8.02311708655119e-24
7.975490566670249e-24
7.928165246543595e-24
7.881139138975015e-24
7.83441026984895e-24
7.787976678053595e-24
7.741836415404065e-24
7.695987546566097e-24
7.650428148979689e-24
7.605156312783202e-24
7.56017014073773e-24
7.515467748151474e-24
7.471047262804747e-24
7.426906824874896e-24
7.383044586861697e-24
7.339458713513048e-24
7.296147381750716e-24
7.25310878059655e-24
7.210341111099026e-24
7.167842586259767e-24
7.12561143096076e-24
7.08364588189146e-24
7.041944187476465e-24
7.000504607803428e-24
6.95932541455109e-24
6.918404890917803e-24
6.877741331550348e-24
6.837333042472825e-24
6.797178341016178e-24
6.75727555574771e-24
6.717623026401066e-24
6.678219103806579e-24
6.639062149821705e-24
6.600150537262008e-24
6.561482649832255e-24
6.523056882057929e-24
6.4848716392171165e-24
6.446925337272481e-24
6.4092164028037625e-24
6.371743272940592e-24
6.3345043952953905e-24
6.2974982278969105e-24
6.260723239123797e-24
6.2241779076386415e-24
6.187860722322388e-24
6.151770182208849e-24
6.115904796419734e-24
6.080263084100002e-24
6.044843574353328e-24
6.009644806178189e-24
5.974665328403984e-24
5.9399036996276556e-24
5.905358488150654e-24
5.871028271916019e-24
5.836911638446063e-24
5.803007184780108e-24
5.76931351741273e-24
5.735829252232319e-24
5.702553014459801e-24
5.669483438587849e-24
5.6366191683204085e-24
5.603958856512374e-24
5.5715011651098555e-24
5.5392447650904975e-24
5.507188336404291e-24
5.4753305679147284e-24
5.443670157340083e-24
5.4122058111952215e-24
5.3809362447336864e-24
5.349860181889948e-24
5.318976355222242e-24
5.288283505855451e-24
5.257780383424488e-24
5.227465746018001e-24
5.197338360122205e-24
5.1673970005653205e-24
5.137640450462036e-24
5.108067501158488e-24
5.078676952177532e-24
5.049467611164199e-24
5.02043829383159e-24
4.991587823907121e-24
4.962915033078868e-24
4.934418760942513e-24
4.906097854948334e-24
4.877951170348674e-24
4.849977570145704e-24
4.822175925039375e-24
4.79454511337586e-24
4.76708402109611e-24
4.739791541684858e-24
4.712666576119919e-24
4.6857080328216714e-24
4.658914827602969e-24
4.632285883619349e-24
4.605820131319412e-24
4.579516508395705e-24
4.553373959735683e-24
4.5273914373731376e-24
4.501567900439885e-24
4.4759023151176585e-24
4.4503936545904036e-24
4.425040898996862e-24
4.39984303538332e-24
4.374799057656858e-24
4.3499079665386736e-24
4.325168769517835e-24
4.3005804808053285e-24
4.2761421212882465e-24
4.251852718484473e-24
4.2277113064974466e-24
4.203716925971346e-24
4.179868624046548e-24
4.15616545431526e-24
4.132606476777545e-24
4.1091907577976144e-24
4.085917370060296e-24
4.0627853925279415e-24
4.039793910397433e-24
4.01694201505759e-24
3.99422880404684e-24
3.9716533810110664e-24
3.949214855661812e-24
3.926912343734772e-24
3.904744966948424e-24
3.8827118529631074e-24
3.860812135340187e-24
3.8390449535016085e-24
3.8174094526896864e-24
3.7959047839270836e-24
3.774530103977179e-24
3.753284575304555e-24
3.732167366035827e-24
3.711177649920767e-24
3.6903146062935306e-24
3.6695774200342886e-24
3.648965281531077e-24
3.6284773866418025e-24
3.6081129366566486e-24
3.5878711382605886e-24
3.5677512034962346e-24
3.547752349726939e-24
3.527873799600029e-24
3.508114781010459e-24
3.488474527064525e-24
3.468952276043937e-24
3.449547271370128e-24
3.4302587615687144e-24
3.4110860002342656e-24
3.392028245995338e-24
3.373084762479615e-24
3.3542548182794395e-24
3.335537686917449e-24
3.3169326468124964e-24
3.298438981245839e-24
3.2800559783274537e-24
3.2617829309626586e-24
3.2436191368189705e-24
3.225563898293077e-24
3.2076165224781974e-24
3.1897763211314935e-24
3.172042610641818e-24
3.1544147119976694e-24
3.1368919507552716e-24
3.119473657007017e-24
3.1021591653499734e-24
3.0849478148547092e-24
3.067838949034321e-24
3.0508319158135957e-24
3.033926067498463e-24
3.0171207607456518e-24
3.0004153565324745e-24
2.983809220126944e-24
2.967301721057955e-24
2.9508922330857786e-24
2.9345801341727337e-24
2.9183648064540052e-24
2.9022456362087185e-24
2.886222013831233e-24
2.870293333802524e-24
2.854458994661915e-24
2.8387183989788573e-24
2.8230709533249958e-24
2.80751606824643e-24
2.7920531582360794e-24
2.776681641706357e-24
2.7614009409619283e-24
2.7462104821727194e-24
2.7311096953471162e-24
2.716098014305289e-24
2.7011748766527595e-24
2.686339723754156e-24
2.6715920007070684e-24
2.6569311563162206e-24
2.6423566430676686e-24
2.6278679171032936e-24
2.6134644381954444e-24
2.599145669721707e-24
2.5849110786399025e-24
2.570760135463274e-24
2.5566923142357525e-24
2.5427070925075232e-24
2.528803951310647e-24
2.514982375134923e-24
2.5012418519039157e-24
2.4875818729510892e-24
2.4740019329962005e-24
2.4605015301217633e-24
2.4470801657497442e-24
2.433737344618414e-24
2.420472574759311e-24
2.407285367474414e-24
2.394175237313486e-24
2.381141702051509e-24
2.368184282666366e-24
2.355302503316591e-24
2.3424958913193365e-24
2.329763977128498e-24
2.3171062943129227e-24
2.3045223795348745e-24
2.2920117725285457e-24
2.279574016078792e-24
2.26720865600001e-24
2.254915241115111e-24
2.2426933232346984e-24
2.2305424571363886e-24
2.2184622005442205e-24
2.2064521141082954e-24
2.194511761384475e-24
2.182640708814283e-24
2.1708385257049415e-24
2.159104784209502e-24
2.1474390593071667e-24
2.1358409287837433e-24
2.124309973212194e-24
2.112845775933392e-24
2.101447923036935e-24
2.0901160033421553e-24
2.0788496083792565e-24
2.067648332370529e-24
2.0565117722117878e-24
2.0454395274538505e-24
2.034431200284204e-24
2.0234863955088035e-24
2.0126047205339467e-24
2.0017857853483296e-24
1.991029202505228e-24
1.9803345871047424e-24
1.9697015567762666e-24
1.959129731660985e-24
1.9486187343945496e-24
1.9381681900898914e-24
1.9277777263200875e-24
1.9174469731014094e-24
1.90717556287649e-24
1.896963130497554e-24
1.886809313209847e-24
1.8767137506351045e-24
1.866676084755189e-24
1.856695959895844e-24
1.8467730227105085e-24
1.836906922164331e-24
1.8270973095182085e-24
1.8173438383130028e-24
1.8076461643538553e-24
1.7980039456945776e-24
1.788416842622194e-24
1.7788845176415958e-24
1.7694066354602504e-24
1.7599828629730954e-24
1.7506128692474705e-24
1.741296325508195e-24
1.732032905122765e-24
1.7228222835865977e-24
1.7136641385084297e-24
1.7045581495958274e-24
1.695503998640738e-24
1.686501369505222e-24
1.677549948107216e-24
1.6686494224064415e-24
1.6597994823904167e-24
1.6509998200605156e-24
1.6422501294182045e-24
1.6335501064512951e-24
1.6248994491203495e-24
1.6162978573451833e-24
1.6077450329914158e-24
1.5992406798571594e-24
1.5907845036598115e-24
1.582376212022877e-24
1.5740155144629745e-24
1.5657021223768476e-24
1.5574357490285258e-24
1.5492161095365684e-24
1.5410429208613614e-24
1.5329159017925652e-24
1.5248347729365884e-24
1.5167992567041956e-24
1.5088090772981976e-24
1.5008639607011937e-24
1.4929636346634454e-24
1.4851078286908201e-24
1.4772962740327965e-24
1.4695287036706056e-24
1.4618048523053994e-24
1.4541244563465375e-24
1.4464872538999703e-24
1.4388929847566537e-24
1.4313413903810886e-24
1.4238322138999445e-24
1.4163652000907154e-24
1.4089400953705277e-24
1.4015566477849553e-24
1.3942146069969622e-24
1.386913724275921e-24
1.379653752486668e-24
1.3724344460786969e-24
1.3652555610753714e-24
1.3581168550632477e-24
1.3510180871814817e-24
1.3439590181112656e-24
1.3369394100653834e-24
1.3299590267778367e-24
1.323017633493502e-24
1.3161149969579266e-24
1.309250885407129e-24
1.3024250685575227e-24
1.2956373175958988e-24
1.288887405169451e-24
1.2821751053759079e-24
1.2755001937537284e-24
1.2688624472723352e-24
1.26226164432247e-24
1.2556975647065605e-24
1.2491699896291963e-24
1.2426787016876666e-24
1.2362234848625334e-24
1.2298041245083246e-24
1.2234204073442342e-24
1.2170721214449316e-24
1.2107590562314278e-24
1.2044810024619822e-24
1.1982377522230994e-24
1.1920290989205912e-24
1.1858548372706688e-24
1.1797147632911438e-24
1.173608674292651e-24
1.167536368869954e-24
1.1614976468933223e-24
1.1554923094999305e-24
1.1495201590853673e-24
1.1435809992951604e-24
1.1376746350163892e-24
1.1318008723693536e-24
1.1259595186992854e-24
1.1201503825681298e-24
1.114373273746394e-24
1.108628003205029e-24
1.1029143831073938e-24
1.0972322268012557e-24
1.0915813488108573e-24
1.0859615648290482e-24
1.0803726917094465e-24
1.0748145474586762e-24
1.069286951228665e-24
1.0637897233089627e-24
1.0583226851191581e-24
1.0528856592013088e-24
1.0474784692124495e-24
1.0421009399171554e-24
1.0367528971801253e-24
1.031434167958865e-24
1.0261445802963752e-24
1.0208839633139207e-24
1.0156521472038502e-24
1.0104489632224417e-24
1.00527424368282e-24
1.0001278219479307e-24
9.950095324235278e-25
9.899192105512577e-25
9.848566928017463e-25
9.79821816667765e-25
9.748144206574446e-25
9.698343442875082e-25
9.648814280765801e-25
9.599555135385416e-25
9.550564431759023e-25
9.501840604732613e-25
9.453382098907736e-25
9.405187368576888e-25
9.357254877659331e-25
9.309583099637139e-25
9.262170517492022e-25
9.215015623642271e-25
9.168116919880333e-25
9.12147291731089e-25
9.075082136289082e-25
9.02894310635942e-25
8.98305436619511e-25
8.937414463537566e-25
8.892021955136723e-25
8.846875406691351e-25
8.801973392790083e-25
8.757314496852813e-25
8.712897311072328e-25
8.668720436356512e-25
8.62478248227099e-25
8.581082066981926e-25
8.537617817199542e-25
8.49438836812174e-25
8.451392363378281e-25
8.408628454975402e-25
8.366095303240564e-25
8.323791576767918e-25
8.281715952363847e-25
8.23986711499307e-25
8.198243757725136e-25
8.1568445816811055e-25
8.115668295980769e-25
8.074713617690237e-25
8.033979271769728e-25
7.993463991021958e-25
7.953166516040622e-25
7.91308559515944e-25
7.873219984401534e-25
7.833568447428953e-25
7.794129755492904e-25
7.7549026873839165e-25
7.715886029382672e-25
7.677078575211094e-25
7.6384791259836135e-25
7.60008649015898e-25
7.561899483492374e-25
7.52391692898765e-25
7.48613765685022e-25
7.448560504439988e-25
7.411184316224737e-25
7.374007943733925e-25
7.337030245512549e-25
7.300250087075533e-25
7.263666340862462e-25
7.227277886192361e-25
7.191083609219144e-25
7.1550824028870465e-25
7.119273166886541e-25
7.083654807610625e-25
7.048226238111117e-25
7.012986378055641e-25
6.977934153684535e-25
6.943068497768304e-25
6.9083883495653405e-25
6.873892654779771e-25
6.839580365519755e-25
6.805450440256084e-25
6.771501843780848e-25
6.737733547166707e-25
6.704144527726135e-25
6.670733768971128e-25
6.637500260573199e-25
6.604442998323476e-25
6.571560984093234e-25
6.538853225794714e-25
6.50631873734201e-25
6.473956538612491e-25
6.441765655408236e-25
6.409745119417903e-25
6.377893968178864e-25
6.346211245039389e-25
6.3146959991214155e-25
6.2833472852832335e-25
6.252164164082665e-25
6.221145701740466e-25
6.190290970103809e-25
6.159599046610198e-25
6.129069014251599e-25
6.098699961538693e-25
6.068490982465547e-25
6.038441176474368e-25
6.008549648420597e-25
5.9788155085382305e-25
5.949237872405317e-25
5.919815860909733e-25
5.890548600215246e-25
5.861435221727641e-25
5.832474862061308e-25
5.803666663005822e-25
5.775009771492923e-25
5.746503339563668e-25
5.718146524335722e-25
5.689938487971059e-25
5.661878397643644e-25
5.633965425507514e-25
5.606198748665073e-25
5.5785775491354305e-25
5.551101013823141e-25
5.523768334487106e-25
5.496578707709581e-25
5.469531334865579e-25
5.442625422092279e-25
5.415860180258779e-25
5.3892348249360635e-25
5.362748576367012e-25
5.336400659436851e-25
5.310190303643559e-25
5.28411674306864e-25
5.258179216348078e-25
5.232376966643375e-25
5.206709241612885e-25
5.181175293383381e-25
5.1557743785216305e-25
5.130505758006394e-25
5.105368697200407e-25
5.080362465822679e-25
5.055486337920978e-25
5.030739591844389e-25
5.00612151021616e-25
4.981631379906747e-25
4.957268492006895e-25
4.933032141801111e-25
4.908921628741098e-25
4.884936256419529e-25
4.861075332543949e-25
4.837338168910774e-25
4.813724081379628e-25
4.790232389847659e-25
4.766862418224171e-25
4.743613494405398e-25
4.7204849502493755e-25
4.697476121551046e-25
4.674586348017565e-25
4.651814973243629e-25
4.629161344687165e-25
4.606624813644986e-25
4.584204735228749e-25
4.56190046834105e-25
4.539711375651589e-25
4.5176368235735945e-25
4.495676182240401e-25
4.473828825482074e-25
4.452094130802356e-25
4.430471479355603e-25
4.408960255923974e-25
4.387559848894788e-25
4.3662696502379125e-25
4.345089055483463e-25
4.324017463699494e-25
4.303054277469951e-25
4.282198902872747e-25
4.261450749457919e-25
4.240809230225999e-25
4.220273761606545e-25
4.199843763436698e-25
4.179518658940042e-25
4.159297874705456e-25
4.139180840666189e-25
4.1191669900791053e-25
4.0992557595039276e-25
4.079446588782796e-25
4.0597389210198013e-25
4.0401322025607615e-25
4.020625882973118e-25
4.0012194150258826e-25
3.9819122546698163e-25
3.962703861017711e-25
3.943593696324736e-25
3.9245812259690425e-25
3.905665918432348e-25
3.8868472452807547e-25
3.868124681145681e-25
3.8494977037048567e-25
3.830965793663495e-25
3.8125284347356285e-25
3.794185113625428e-25
3.775935320008821e-25
3.7577785465150815e-25
3.7397142887086207e-25
3.721742045070919e-25
3.7038613169824594e-25
3.6860716087049386e-25
3.6683724273634494e-25
3.6507632829288616e-25
3.6332436882003447e-25
3.6158131587878876e-25
3.5984712130950427e-25
3.5812173723017733e-25
3.5640511603473165e-25
3.546972103913308e-25
3.52997973240687e-25
3.5130735779438996e-25
3.496253175332473e-25
3.4795180620562777e-25
3.462867778258222e-25
3.4463018667241724e-25
3.4298198728666804e-25
3.413421344708969e-25
3.3971058328688914e-25
3.380872890543068e-25
3.3647220734911377e-25
3.3486529400200184e-25
3.332665050968411e-25
3.3167579696912592e-25
3.3009312620444057e-25
3.2851844963693454e-25
3.2695172434780124e-25
3.253929076637711e-25
3.2384195715561834e-25
3.222988306366667e-25
3.2076348616131765e-25
3.1923588202357566e-25
3.177159767555928e-25
3.162037291262197e-25
3.1469909813956223e-25
3.1320204303355164e-25
3.1171252327852627e-25
3.1023049857581243e-25
3.0875592885632803e-25
3.0728877427918315e-25
3.0582899523029625e-25
3.0437655232102077e-25
3.0293140638677176e-25
3.0149351848567413e-25
3.000628498972068e-25
2.9863936212086433e-25
2.9722301687482633e-25
2.9581377609462903e-25
2.9441160193185245e-25
2.930164567528157e-25
2.916283031372728e-25
2.902471038771293e-25
2.8887282197515398e-25
2.8750542064370896e-25
2.861448633034856e-25
2.847911135822422e-25
2.834441353135607e-25
2.8210389253560013e-25
2.807703494898662e-25
2.7944347061998765e-25
2.781232205704945e-25
2.7680956418561084e-25
2.7550246650805436e-25
2.742018927778381e-25
2.7290780843108897e-25
2.7162017909886403e-25
2.7033897060598126e-25
2.690641489698571e-25
2.677956803993467e-25
2.665335312935962e-25
2.6527766824090373e-25
2.6402805801757908e-25
2.6278466758682298e-25
2.6154746409760174e-25
2.603164148835364e-25
2.5909148746179926e-25
2.5787264953201015e-25
2.566598689751498e-25
2.554531138524711e-25
2.5425235240442247e-25
2.5305755304957913e-25
2.5186868438357497e-25
2.5068571517804677e-25
2.495086143795859e-25
2.4833735110868903e-25
2.4717189465872643e-25
2.4601221449490637e-25
2.448582802532532e-25
2.4371006173959e-25
2.4256752892852556e-25
2.414306519624498e-25
2.402994011505372e-25
2.3917374696775077e-25
2.380536600538607e-25
2.3693911121246023e-25
2.3583007140999415e-25
2.3472651177479314e-25
2.336284035961085e-25
2.3253571832316085e-25
2.3144842756418813e-25
2.3036650308550343e-25
2.292899168105597e-25
2.2821864081901467e-25
2.271526473458079e-25
2.2609190878024195e-25
2.2503639766506516e-25
2.239860866955684e-25
2.2294094871867804e-25
2.2190095673206173e-25
2.2086608388323827e-25
2.1983630346868917e-25
2.18811588932983e-25
2.177919138678965e-25
2.167772520115488e-25
2.157675772475381e-25
2.1476286360408176e-25
2.137630852531648e-25
2.127682165096945e-25
2.1177823183065455e-25
2.107931058142728e-25
2.098128131991861e-25
2.08837328863616e-25
2.0786662782454897e-25
2.069006852369178e-25
2.0593947639279193e-25
2.0498297672057363e-25
2.040311617841938e-25
2.0308400728232005e-25
2.0214148904756307e-25
2.0120358304569184e-25
2.0027026537485454e-25
1.9934151226479906e-25
1.9841730007610586e-25
1.974976052994184e-25
1.9658240455468266e-25
1.9567167459039193e-25
1.947653922828322e-25
1.9386353463533557e-25
1.929660787775396e-25
1.9207300196464547e-25
1.9118428157668786e-25
1.902998951178036e-25
1.8941982021550772e-25
1.8854403461997554e-25
1.8767251620332404e-25
1.868052429589021e-25
1.8594219300058567e-25
1.8508334456207197e-25
1.8422867599618512e-25
1.8337816577418008e-25
1.8253179248505404e-25
1.816895348348623e-25
1.8085137164603607e-25
1.800172818567076e-25
1.7918724452003594e-25
1.7836123880353939e-25
1.7753924398843302e-25
1.767212394689658e-25
1.7590720475176643e-25
1.750971194551923e-25
1.742909633086788e-25
1.7348871615209904e-25
1.7269035793512072e-25
1.718958687165717e-25
1.7110522866380908e-25
1.7031841805208855e-25
1.695354172639417e-25
1.6875620678855628e-25
1.679807672211571e-25
1.6720907926239645e-25
1.6644112371774229e-25
1.6567688149687377e-25
1.6491633361308114e-25
1.641594611826652e-25
1.6340624542434593e-25
1.626566676586694e-25
1.619107093074218e-25
1.6116835189304715e-25
1.6042957703806564e-25
1.5969436646449822e-25
1.5896270199329506e-25
1.5823456554376369e-25
1.5750993913300638e-25
1.5678880487535516e-25
1.5607114498181421e-25
1.5535694175950565e-25
1.5464617761111457e-25
1.5393883503434381e-25
1.5323489662136569e-25
1.5253434505828142e-25
1.5183716312458344e-25
1.5114333369261796e-25
1.504528397270535e-25
1.4976566428435392e-25
1.4908179051224936e-25
1.4840120164921733e-25
1.4772388102396063e-25
1.470498120548922e-25
1.4637897824962359e-25
1.4571136320445279e-25
1.4504695060385831e-25
1.4438572421999708e-25
1.4372766791220068e-25
1.430727656264813e-25
1.4242100139503417e-25
1.4177235933574725e-25
1.4112682365171413e-25
1.4048437863074491e-25
1.3984500864488719e-25
1.3920869814994398e-25
1.3857543168499724e-25
1.3794519387193517e-25
1.373179694149795e-25
1.3669374310021766e-25
1.360724997951387e-25
1.3545422444816837e-25
1.3483890208821191e-25
1.3422651782419442e-25
1.3361705684460806e-25
1.3301050441706133e-25
1.3240684588782802e-25
1.3180606668140257e-25
1.3120815230005708e-25
1.3061308832339876e-25
1.3002086040793428e-25
1.2943145428663195e-25
1.2884485576849003e-25
1.2826105073810714e-25
1.2768002515525286e-25
1.2710176505444494e-25
1.2652625654452444e-25
1.2595348580823696e-25
1.2538343910181596e-25
1.24816102754566e-25
1.242514631684512e-25
1.2368950681768624e-25
1.2313022024832653e-25
1.2257359007786566e-25
1.2201960299483058e-25
1.2146824575838236e-25
1.2091950519791924e-25
1.2037336821267908e-25
1.1982982177134759e-25
1.1928885291166805e-25
1.187504487400511e-25
1.1821459643119094e-25
1.1768128322767934e-25
1.1715049643962523e-25
1.1662222344427623e-25
1.1609645168563963e-25
1.1557316867411006e-25
1.1505236198609506e-25
1.1453401926364558e-25
1.1401812821408862e-25
1.135046766096601e-25
1.1299365228714162e-25
1.1248504314750006e-25
1.119788371555261e-25
1.1147502233947919e-25
1.1097358679073065e-25
1.1047451866341136e-25
1.0997780617406195e-25
1.0948343760128172e-25
1.0899140128538411e-25
1.0850168562805047e-25
1.0801427909198785e-25
1.075291702005894e-25
1.0704634753759414e-25
1.0656579974675113e-25
1.060875155314856e-25
1.0561148365456477e-25
1.0513769293776885e-25
1.0466613226156112e-25
1.0419679056476157e-25
1.037296568442226e-25
1.0326472015450537e-25
1.0280196960755908e-25
1.0234139437240246e-25
1.0188298367480532e-25
1.0142672679697476e-25
1.0097261307724027e-25
1.0052063190974279e-25
1.000707727441255e-25
9.962302508522414e-26
9.917737849276327e-26
9.873382258104952e-26
9.829234701867046e-26
9.785294152819395e-26
9.741559588586806e-26
9.698029992132454e-26
9.654704351728379e-26
9.611581660925983e-26
9.568660918526973e-26
9.525941128554184e-26
9.483421300222805e-26
9.44110044791171e-26
9.398977591134867e-26
9.357051754512965e-26
9.315321967745351e-26
9.273787265581845e-26
9.232446687795011e-26
9.191299279152372e-26
9.150344089388874e-26
9.109580173179605e-26
9.069006590112461e-26
9.028622404661193e-26
8.988426686158427e-26
8.948418508768942e-26
8.908596951463152e-26
8.868961097990602e-26
8.829510036853669e-26
8.790242861281606e-26
8.751158669204326e-26
8.712256563226808e-26
8.6735356506033e-26
8.634995043211788e-26
8.596633857528791e-26
8.558451214603898e-26
8.520446240034915e-26
8.482618063942791e-26
8.444965820946859e-26
8.407488650140308e-26
8.370185695065506e-26
8.333056103689761e-26
8.296099028381134e-26
8.25931362588423e-26
8.222699057296452e-26
8.186254488044023e-26
8.149979087858431e-26
8.113872030752946e-26
8.077932494999113e-26
8.042159663103596e-26
8.006552721785083e-26
7.971110861951218e-26
7.93583327867585e-26
7.900719171176237e-26
7.86576774279051e-26
7.830978200955243e-26
7.796349757183055e-26
7.761881627040516e-26
7.727573030125973e-26
7.69342319004769e-26
7.659431334402034e-26
7.625596694751756e-26
7.591918506604411e-26
7.558396009391017e-26
7.525028446444626e-26
7.491815064979239e-26
7.458755116068654e-26
7.42584785462554e-26
7.393092539380673e-26
7.360488432862152e-26
7.328034801374808e-26
7.295730914979863e-26
7.26357604747438e-26
7.231569476371201e-26
7.199710482878741e-26
7.167998351880966e-26
7.136432371917626e-26
7.105011835164313e-26
7.073736037412955e-26
7.042604278052158e-26
7.011615860047804e-26
6.980770089923782e-26
6.950066277742688e-26
6.919503737086751e-26
6.889081785038884e-26
6.858799742163728e-26
6.828656932488938e-26
6.798652683486446e-26
6.768786326053939e-26
6.739057194496434e-26
6.70946462650783e-26
6.680007963152735e-26
6.650686548848337e-26
6.621499731346264e-26
6.592446861714794e-26
6.563527294320863e-26
6.534740386812437e-26
6.506085500100874e-26
6.47756199834331e-26
6.44916924892536e-26
6.420906622443638e-26
6.39277349268862e-26
6.364769236627507e-26
6.33689323438712e-26
6.309144869237006e-26
6.281523527572613e-26
6.254028598898468e-26
6.226659475811615e-26
6.199415553984949e-26
6.172296232150823e-26
6.145300912084681e-26
6.118428998588711e-26
6.09167989947574e-26
6.065053025553049e-26
6.03854779060643e-26
6.012163611384277e-26
5.985899907581714e-26
5.95975610182487e-26
5.933731619655284e-26
5.907825889514275e-26
5.882038342727535e-26
5.856368413489705e-26
5.830815538849066e-26
5.805379158692407e-26
5.780058715729817e-26
5.754853655479663e-26
5.729763426253716e-26
5.704787479142148e-26
5.679925267998868e-26
5.655176249426754e-26
5.630539882763024e-26
5.606015630064789e-26
5.581602956094458e-26
5.557301328305504e-26
5.533110216828078e-26
5.509029094454804e-26
5.485057436626732e-26
5.461194721419158e-26
5.437440429527733e-26
5.413794044254576e-26
5.390255051494374e-26
5.366822939720763e-26
5.343497199972529e-26
5.320277325840121e-26
5.297162813452126e-26
5.274153161461784e-26
5.25124787103367e-26
5.228446445830426e-26
5.205748391999491e-26
5.183153218160038e-26
5.160660435389835e-26
5.138269557212304e-26
5.115980099583618e-26
5.093791580879795e-26
5.071703521883997e-26
5.049715445773757e-26
5.027826878108394e-26
5.0060373468164675e-26
4.9843463821832327e-26
4.962753516838243e-26
4.941258285743034e-26
4.919860226178783e-26
4.8985588777341505e-26
4.8773537822930846e-26
4.856244484022757e-26
4.835230529361593e-26
4.814311467007268e-26
4.7934868479048433e-26
4.772756225235014e-26
4.752119154402256e-26
4.7315751930232553e-26
4.711123900915209e-26
4.6907648400842986e-26
4.670497574714254e-26
4.650321671154831e-26
4.630236697910548e-26
4.610242225629327e-26
4.590337827091258e-26
4.570523077197503e-26
4.550797552959076e-26
4.531160833485866e-26
4.5116124999756467e-26
4.492152135703099e-26
4.472779326009028e-26
4.453493658289462e-26
4.434294721984971e-26
4.415182108569979e-26
4.3961554115420764e-26
4.377214226411545e-26
4.35835815069075e-26
4.339586783883746e-26
4.3208997274758853e-26
4.302296584923435e-26
4.283776961643332e-26
4.265340465002968e-26
4.246986704309975e-26
4.228715290802176e-26
4.2105258376374665e-26
4.1924179598838477e-26
4.1743912745094966e-26
4.156445400372842e-26
4.138579958212722e-26
4.1207945706386606e-26
4.1030888621210615e-26
4.0854624589816e-26
4.067914989383559e-26
4.0504460833222577e-26
4.033055372615582e-26
4.0157424908944627e-26
3.9985070735935065e-26
3.9813487579416043e-26
3.9642671829526384e-26
3.9472619894162315e-26
3.930332819888515e-26
3.913479318682988e-26
3.896701131861429e-26
3.8799979072247765e-26
3.863369294304207e-26
3.8468149443521084e-26
3.8303345103331823e-26
3.8139276469156375e-26
3.797594010462301e-26
3.7813332590218864e-26
3.7651450523203205e-26
3.749029051751986e-26
3.732984920371196e-26
3.71701232288354e-26
3.7011109256373934e-26
3.6852803966154616e-26
3.6695204054262755e-26
3.6538306232958925e-26
3.638210723059468e-26
3.6226603791529963e-26
3.6071792676050996e-26
3.591767066028732e-26
3.5764234536130845e-26
3.561148111115458e-26
3.545940720853146e-26
3.530800966695479e-26
3.515728534055758e-26
3.500723109883362e-26
3.4857843826558497e-26
3.4709120423710524e-26
3.4561057805393427e-26
3.44136529017577e-26
3.426690265792394e-26
3.412080403390593e-26
3.397535400453373e-26
3.38305495593781e-26
3.368638770267474e-26
3.354286545324884e-26
3.3399979844440707e-26
3.325772792403079e-26
3.311610675416609e-26
3.2975113411286504e-26
3.283474498605145e-26
3.269499858326702e-26
3.2555871321813913e-26
3.2417360334574955e-26
3.2279462768363806e-26
3.214217578385348e-26
3.200549655550548e-26
3.1869422271499574e-26
3.173395013366331e-26
3.1599077357402654e-26
3.1464801171632343e-26
3.13311188187069e-26
3.119802755435245e-26
3.1065524647597955e-26
3.093360738070749e-26
3.0802273049113124e-26
3.0671518961347076e-26
3.0541342438975676e-26
3.0411740816532385e-26
3.0282711441451815e-26
3.0154251674004534e-26
3.002635888723091e-26
2.9899030466876675e-26
2.9772263811328186e-26
2.964605633154778e-26
2.952040545101041e-26
2.939530860563935e-26
2.927076324374333e-26
2.914676682595368e-26
2.9023316825161235e-26
2.890041072645473e-26
2.877804602705825e-26
2.865622023626997e-26
2.853493087540092e-26
2.8414175477713756e-26
2.8293951588362384e-26
2.8174256764331685e-26
2.8055088574377297e-26
2.793644459896629e-26
2.781832243021751e-26
2.770071967184274e-26
2.7583633939088097e-26
2.746706285867544e-26
2.7351004068744284e-26
2.723545521879434e-26
2.712041396962766e-26
2.700587799329181e-26
2.689184497302283e-26
2.677831260318865e-26
2.666527858923315e-26
2.655274064761982e-26
2.644069650577649e-26
2.6329143902039677e-26
2.6218080585599606e-26
2.610750431644568e-26
2.599741286531171e-26
2.588780401362177e-26
2.5778675553436653e-26
2.56700252873997e-26
2.556185102868403e-26
2.545415060093911e-26
2.5346921838238078e-26
2.5240162585025595e-26
2.5133870696065075e-26
2.5028044036387316e-26
2.4922680481238485e-26
2.4817777916028803e-26
2.471333423628175e-26
2.460934734758278e-26
2.4505815165529037e-26
2.4402735615679115e-26
2.4300106633502728e-26
2.4197926164331367e-26
2.4096192163308436e-26
2.399490259534018e-26
2.3894055435046753e-26
2.3793648666713378e-26
2.369368028424194e-26
2.3594148291102883e-26
2.3495050700287032e-26
2.339638553425823e-26
2.329815082490549e-26
2.3200344613496078e-26
2.3102964950628607e-26
2.300600989618609e-26
2.290947751928978e-26
2.2813365898252635e-26
2.271767312053365e-26
2.262239728269205e-26
2.252753649034173e-26
2.2433088858106002e-26
2.233905250957282e-26
2.2245425577249676e-26
2.215220620251943e-26
2.2059392535595685e-26
2.1966982735478856e-26
2.1874974969912486e-26
2.178336741533942e-26
2.1692158256858433e-26
2.1601345688181398e-26
2.1510927911589895e-26
2.1420903137892965e-26
2.1331269586384337e-26
2.1242025484800216e-26
2.1153169069277553e-26
2.1064698584311736e-26
2.0976612282715507e-26
2.0888908425577268e-26
2.080158528221994e-26
2.0714641130160343e-26
2.062807425506804e-26
2.0541882950725097e-26
2.0456065518985822e-26
2.037062026973637e-26
2.028554552085534e-26
2.020083959817363e-26
2.0116500835435254e-26
2.0032527574258105e-26
1.9948918164094652e-26
1.986567096219348e-26
1.9782784333560246e-26
1.9700256650919469e-26
1.961808629467635e-26
1.953627165287846e-26
1.9454811121178125e-26
1.9373703102794785e-26
1.929294600847733e-26
1.9212538256467146e-26
1.9132478272460736e-26
1.9052764489573063e-26
1.8973395348300882e-26
1.8894369296486145e-26
1.8815684789279674e-26
1.8737340289105267e-26
1.8659334265623524e-26
1.8581665195696325e-26
1.8504331563351136e-26
1.8427331859745643e-26
1.8350664583132755e-26
1.827432823882536e-26
1.819832133916174e-26
1.8122642403470742e-26
1.804728995803737e-26
1.7972262536068687e-26
1.7897558677659475e-26
1.782317692975836e-26
1.7749115846134296e-26
1.7675373987342614e-26
1.7601949920691987e-26
1.7528842220210954e-26
1.7456049466614913e-26
1.7383570247273456e-26
1.7311403156177317e-26
1.7239546793905993e-26
1.716799976759555e-26
1.7096760690906002e-26
1.7025828183989734e-26
1.695520087345921e-26
1.6884877392355495e-26
1.6814856380116786e-26
1.6745136482546695e-26
1.6675716351783456e-26
1.6606594646268486e-26
1.653777003071562e-26
1.6469241176080573e-26
1.6401006759529975e-26
1.6333065464411204e-26
1.6265415980222132e-26
1.619805700258077e-26
1.613098723319567e-26
1.606420537983576e-26
1.599771015630089e-26
1.5931500282392384e-26
1.5865574483883483e-26
1.5799931492490324e-26
1.573457004584288e-26
1.5669488887455947e-26
1.5604686766700572e-26
1.5540162438775233e-26
1.5475914664677562e-26
1.541194221117601e-26
1.534824385078158e-26
1.528481836171997e-26
1.5221664527903508e-26
1.5158781138903555e-26
1.5096166989922936e-26
1.5033820881768373e-26
1.4971741620823212e-26
1.490992801902037e-26
1.4848378893815118e-26
1.4787093068158403e-26
1.4726069370469882e-26
1.4665306634611402e-26
1.46048036998606e-26
1.4544559410884397e-26
1.4484572617712944e-26
1.4424842175713423e-26
1.4365366945564115e-26
1.4306145793228714e-26
1.4247177589930508e-26
1.418846121212684e-26
1.4129995541483835e-26
1.407177946485092e-26
1.401381187423581e-26
1.3956091666779368e-26
1.3898617744730775e-26
1.3841389015422784e-26
1.3784404391246935e-26
1.3727662789629127e-26
1.3671163133005298e-26
1.3614904348796905e-26
1.3558885369387078e-26
1.3503105132096322e-26
1.344756257915874e-26
1.3392256657698301e-26
1.3337186319704993e-26
1.3282350522011526e-26
1.3227748226269645e-26
1.3173378398926996e-26
1.311924001120395e-26
1.3065332039070376e-26
1.3011653463222837e-26
1.2958203269061744e-26
1.2904980446668515e-26
1.2851983990783147e-26
1.279921290078153e-26
1.2746666180653204e-26
1.2694342838979123e-26
1.2642241888909377e-26
1.259036234814119e-26
1.2538703238897123e-26
1.2487263587903063e-26
1.2436042426366692e-26
1.2385038789955749e-26
1.2334251718776602e-26
1.2283680257352939e-26
1.223332345460436e-26
1.218318036382536e-26
1.2133250042664148e-26
1.2083531553101736e-26
1.2034023961431188e-26
1.1984726338236749e-26
1.1935637758373232e-26
1.1886757300945644e-26
1.1838084049288509e-26
1.1789617090945777e-26
1.1741355517650456e-26
1.1693298425304495e-26
1.1645444913958953e-26
1.1597794087793797e-26
1.1550345055098291e-26
1.1503096928251267e-26
1.1456048823701351e-26
1.1409199861947696e-26
1.1362549167520303e-26
1.1316095868960851e-26
1.1269839098803505e-26
1.1223777993555591e-26
1.1177911693678848e-26
1.113223934357021e-26
1.1086760091543141e-26
1.1041473089808874e-26
1.0996377494457644e-26
1.0951472465440254e-26
1.0906757166549576e-26
1.0862230765402122e-26
1.0817892433419863e-26
1.0773741345811904e-26
1.0729776681556502e-26
1.0685997623383046e-26
1.0642403357754046e-26
1.059899307484746e-26
1.055576596853876e-26
1.0512721236383446e-26
1.0469858079599448e-26
1.04271757030496e-26
1.0384673315224246e-26
1.034235012822407e-26
1.0300205357742711e-26
1.0258238223049776e-26
1.0216447946973718e-26
1.0174833755884859e-26
1.0133394879678653e-26
1.0092130551758744e-26
1.0051040009020306e-26
1.0010122491833542e-26
9.96937724402694e-27
9.928803512871003e-27
9.888400549061771e-27
9.84816760670452e-27
9.808103943297707e-27
9.768208819716596e-27
9.72848150019744e-27
9.688921252321361e-27
9.649527346998496e-27
9.610299058452292e-27
9.571235664203592e-27
9.532336445055084e-27
9.493600685075814e-27
9.455027671585461e-27
9.416616695139178e-27
9.37836704951202e-27
9.340278031683779e-27
9.302348941823878e-27
9.264579083276073e-27
9.22696776254352e-27
9.189514289273848e-27
9.152217976244117e-27
9.115078139346193e-27
9.078094097571826e-27
9.041265172998071e-27
9.004590690772723e-27
8.968069979099647e-27
8.931702369224525e-27
8.89548719542028e-27
8.859423794972863e-27
8.823511508167047e-27
8.787749678272144e-27
8.752137651527986e-27
8.716674777130907e-27
8.68136040721971e-27
8.646193896861853e-27
8.611174604039542e-27
8.576301889636045e-27
8.541575117422003e-27
8.506993654041755e-27