1481.6402672049398
1365.6561780734019
1263.4526061140862
1172.8732043175007
1092.1737573889905
1019.9302571535718
954.9701927287457
896.320558265302
843.1680644703986
794.8283711261164
750.7220654213965
710.3557390144105
673.3069573899988
639.2122281588593
607.7573000296038
578.6692877945557
551.7102388243779
526.6718456617871
503.37107596985766
481.6465413991078
461.3554652087781
442.37113781319994
424.58077207201757
407.88368774700297
392.1897683200048
377.4181442065706
363.496064981899
350.357930068082
337.94445279967937
326.2019371830556
315.08165021995626
304.5392755524906
294.53443654103677
285.0302788149165
275.9931039214934
267.3920470085803
259.198792559978
251.3873231062801
243.9336965861083
236.8158486635006
230.01341683685118
223.5075836211593
217.28093646256934
211.31734236394905
205.60183547203866
200.1205161083439
194.86045992389026
189.80963602752354
184.95683308306712
180.29159249599746
175.80414791845328
171.48537039491669
167.32671855194624
163.3201933057208
159.4582966223977
155.7339939196802
152.140679744638
148.67214640364938
145.32255525612558
142.08641041512163
138.95853462560152
135.93404711550414
133.0083432362838
130.1770757286265
127.43613746589925
124.7816455428349
122.20992659023234
119.71750320826096
117.30108142147775
114.95753906804701
112.68391504403498
110.47739933114451
108.33532374296756
106.25515333085178
104.23447839587571
102.27100705828794
100.3625583401281
98.5070557206888
96.70252112802183
94.94706933290063
93.23890271454474
91.57630637003282
89.95764354170534
88.38135133900785
86.84593673317936
85.34997280496513
83.8920952271425
82.47099896512084
81.08543518020934
79.7342083213679
78.4161733923681
77.13023338230641
75.8753368483417
74.65047564037737
73.4546827581871
72.28703033219615
71.14662771978233
70.03261970956235
68.94418482667989
67.88053373261594
66.84090771351163
65.82457725141852
64.83084067328902
63.859022872882
62.9084741010955
61.978568820546606
61.06870462050773
60.178301188569456
59.30679933564755
58.453660071176536
57.61836372554301
56.80040911700427
55.99931276052014
55.21460811609119
54.44584487435204
53.692588277312474
52.954418472273
52.230929897065494
51.521730694885214
50.82644215708879
50.144698192431875
49.47614482131517
48.820439693692556
48.17725162937865
47.54626017956681
46.92715520844027
46.31963649382537
45.72341334589765
45.13820424300773
44.56373648375097
43.99974585445181
43.44597631128437
42.90217967629227
42.36811534661502
41.84355001626414
41.328257409831856
40.82201802754661
40.324618901124175
39.83585335989148
39.35552080668961
38.88342650308935
38.41938136347668
37.96320175758958
37.51470932111082
37.07373077394034
36.640097745791785
36.21364660877663
35.7942183166542
35.381658250446975
34.975816070130755
34.5765455721281
34.18370455234486
33.79715467450374
33.41676134354078
33.042393583841886
32.67392392210882
32.31122827465255
31.954185838923536
31.6026789890961
31.25659317553474
30.91581682797652
30.58024126227308
30.249760590542436
29.924271634588322
29.603673842451002
29.287869207960348
28.976762193167673
28.670259653538075
28.368270765791987
28.07070695828792
27.777481843844125
27.48851115490217
27.203712680938168
26.923006208033307
26.64631346051857
26.373558044611215
26.104665393967046
25.83956271707212
25.578178946404492
25.320444689296863
25.06629218043549
24.815655235933015
24.568469208915523
24.324670946566997
24.08419874857598
23.84699232693275
23.6129927670263
23.382142489993505
23.154385216273766
22.92966593032608
22.707930846464784
22.489127375774505
22.27320409406499
22.060110710828255
21.84979803916226
21.642217966627157
21.43732342700028
21.235068372898958
21.035407749240008
20.83829746750714
20.643694380798056
20.45155625962382
20.26184176843522
20.074510442850677
19.889522667562023
19.706839654894694
19.526423424000583
19.34823678066195
19.172243297686016
18.998407295870358
18.82669382552012
18.657068648499
18.48949822079575
18.323949675590185
18.16039080680155
17.998790053103633
17.83911648239217
17.681339776688887
17.525430217469015
17.371358671398028
17.219096576464988
17.068615928499987
16.919889268062914
16.772889667692287
16.627590719502976
16.48396652312159
16.341991673948986
16.20164125174015
16.062890809491215
15.925716362624355
15.790094378461353
15.656001765977303
15.523415865825383
15.392314440625123
15.262675665505617
15.134478118896565
15.00770077355912
14.882322987850324
14.758324497212827
14.635685405884573
14.514386178821297
14.394407633825411
14.275730933875742
14.158337579652077
14.042209402248547
13.927328556070863
13.813677511911964
13.70123905020056
13.589996254418224
13.479932504679956
13.371031471473406
13.26327710955246
13.156653651981035
13.051145604322295
12.946737738969786
12.843415089616428
12.741162945856946
12.639966847920904
12.539812581532448
12.440686172892782
12.342573883782539
12.24546220678098
12.149337860597926
12.054187785516397
11.959999138942413
11.866759291058967
11.774455820581997
11.683076510614672
11.592609344598406
11.503042502357452
11.41436435623423
11.326563467314273
11.239628581736897
11.153548627090363
11.068312708889286
10.983910107131205
10.900330272931836
10.817562825235523
10.735597547599525
10.654424385050648
10.574033441011418
10.494414974295202
10.415559396167351
10.337457267471384
10.26009929581875
10.183476332839689
10.107579371494628
10.032399543444258
9.957928116476022
9.8841564919874
9.81107620252268
9.738678909363179
9.66695640016906
9.595900586671474
9.525503502413915
9.455757300541883
9.38665425163901
9.318186741608917
9.250347269601951
9.183128445985117
9.11652299035475
9.050523729590315
8.985123595949192
8.920315625200384
8.856092954797184
8.792448822087449
8.729376562560514
8.66686960813018
8.60492148545255
8.543525814278336
8.482676305838547
8.422366761262818
8.362591070029582
8.303343208447671
8.244617238168129
8.186407304725988
8.128707636110748
8.071512541366046
8.014816409216074
7.958613706720153
7.902898977953044
7.847666842711724
7.792911995247267
7.738629203021387
7.684813305487682
7.6314592128959395
7.5785619051202255
7.526116430509064
7.474117904758274
7.422561509804999
7.37144249274328
7.320756164760216
7.270497900092299
7.220663135001899
7.1712473667725165
7.122246152723966
7.073655109245036
7.025469910845179
6.97768628922369
6.930300032355956
6.883306983597271
6.836703040803116
6.790484155465344
6.744646331865087
6.699185626240676
6.654098145970971
6.60938408184162
6.565058946806964
6.521120864519167
6.477565391711618
6.434388152721072
6.3915848382498615
6.349151204154457
6.307083070259469
6.265376319196656
6.224026895268202
6.183030803333897
6.142384107721408
6.102082931159239
6.062123453731899
6.022501911856584
5.983214597281058
5.94425785610202
5.905628087803839
5.86732174431668
5.829335329094059
5.791665396209098
5.754308549469078
5.717261441548029
5.6805207731366725
5.644083292109649
5.60794579270935
5.572105114746098
5.5365581428143935
5.501301805524647
5.466333074750314
5.43164896488977
5.397246532142973
5.363122873802232
5.329275127556966
5.2957004708121245
5.26239612001988
5.229359330024429
5.196587393419424
5.1640776399180215
5.131827435734991
5.099834182980819
5.068095319067471
5.036608316125546
5.005370680432598
4.974379951852439
4.943633703284991
4.913129540126748
4.882865099741338
4.852838050940226
4.823046093473084
4.793486957527834
4.764158403240038
4.7350582202114895
4.7061842270377765
4.677534270844682
4.649106226833097
4.620897997832569
4.592907513862808
4.565132731703614
4.537571634472419
4.510222231209763
4.483082556472327
4.456150669933287
4.4294246559901165
4.402902623379415
4.3765827047986665
4.350463056534991
4.324541858100444
4.298817311873936
4.273287642749603
4.247951097791442
4.222805945894099
4.197850477449729
4.1730830040207545
4.148501858018505
4.124105392387368
4.099891980294717
4.07586001482612
4.052007908686057
4.028334093903735
4.004837021544185
3.9815151614242272
3.958367001833578
3.9353910492606268
3.9125858281230155
3.8899498805029395
3.8674817658868843
3.84518006090995
3.8230433591044757
3.8010702706529993
3.779259422145477
3.757609456340535
3.736119031930849
3.7147868233125503
3.693611520358343
3.672591828194686
3.651726466982546
3.6310141717018984
3.6104536919398784
3.590043791682407
3.569783249109286
3.54967085639275
3.529705419499369
3.5098857579951734
3.490210704854036
3.4706791062692286
3.4512898214680057
3.432041722529336
3.4129336942045256
3.3939646337408416
3.3751334507079522
3.356439066827201
3.3378804158037094
3.3194564431611204
3.3011661060790334
3.2830083732330886
3.2649822246376123
3.2470866514907373
3.229320656022071
3.2116832513427704
3.1941734612979706
3.176790320321633
3.159532873293609
3.1424001753990685
3.125391291990026
3.108505298449171
3.091741280055759
3.07509833185361
3.0585755585212464
3.042172074243954
3.025887002587959
3.0097194763764032
2.9936686375673864
2.9777336371338623
2.9619136349453554
2.9462077996514817
2.930615308567338
2.9151353475606454
2.8997671109404886
2.884509801347945
2.869362629648255
2.854324814824653
2.8393955838738525
2.824574171703104
2.8098598210287418
2.7952517822763405
2.780749313482382
2.7663516801973156
2.7520581553901486
2.7378680193544174
2.723780559615612
2.709795070839922
2.6959108547443655
2.6821272200083057
2.668443482186127
2.654858963621377
2.641372993362086
2.6279849070772783
2.6146940469748463
2.6014997617205298
2.588401406358055
2.5753983422305433
2.562489936902984
2.5496755640858426
2.5369546035598014
2.524326441101579
2.5117904684108
2.499346083037953
2.4869926883133453
2.474729693277098
2.4625565126101687
2.450472566566315
2.438477280905035
2.4265700868254925
2.4147504209013397
2.4030177250165
2.3913714463018407
2.379811037072727
2.368335954767479
2.356945661886694
2.345639625933381
2.334417319354009
2.3232782194802484
2.3122218084717003
2.3012475732592828
2.2903550054894297
2.279543601469119
2.2688128621116115
2.258162292882951
2.247591403749189
2.2370997091243474
2.2266867278191302
2.216351982990247
2.206095002090512
2.1959153168195975
2.1858124630754308
2.175785980906326
2.1658354144636056
2.1559603119551087
2.1461602255990626
2.136434711578793
2.126783329997875
2.1172056448360292
2.1077012239054946
2.0982696388080404
2.08891046489254
2.0796232812131477
2.0704076704879104
2.061263219058104
2.052189516847943
2.04318615732497
2.034252737460783
2.0253888576925103
2.0165941218845838
2.007868137291121
1.9992105145187935
1.9906208674901629
1.9820988134074573
1.973643972716873
1.9652559690733677
1.9569344293057944
1.9486789833826237
1.9404892643779459
1.932364908438131
1.924305554748675
1.9163108455016866
1.9083804258635846
1.900513943943429
1.8927110507614529
1.8849714002181295
1.8772946490635865
1.86968045686737
1.862128485988688
1.8546384015469164
1.847209871392579
1.839842566078607
1.832536158832017
1.8252903255259214
1.818104744651883
1.810979097292657
1.803913067095198
1.7969063402440582
1.7899586054351455
1.783069553849683
1.7762388791286512
1.7694662773474201
1.7627514469907117
1.7560940889280205
1.749493906389051
1.7429506049397439
1.7364638924584372
1.730033479112326
1.723659077334228
1.7173404017997034
1.7110771694043392
1.7048690992413535
1.6987159125795177
1.6926173328412162
1.686573085581001
1.6805828984640845
1.674646501245421
1.668763625748795
1.662934005846258
1.6571573774378439
1.651433478431444
1.645762048722964
1.6401428301767613
1.634575566606176
1.629060003754483
1.623595889275875
1.6181829727168775
1.6128210054977454
1.60750974089428
1.6022489340197752
1.597038341807139
1.5918777229913152
1.5867668380917979
1.5817054493955054
1.5766933209396718
1.5717302184950643
1.5668159095493477
1.5619501632906443
1.5571327505912966
1.5523634439918097
1.547642017684971
1.5429682475001463
1.5383419108877903
1.5337627869040855
1.5292306561958133
1.524745300985356
1.5203065050558164
1.5159140537364884
1.5115677338882694
1.5072673338893992
1.5030126436212776
1.498803454454468
1.4946395592348467
1.4905207522699622
1.4864468293154423
1.482417587561656
1.4784328256204784
1.474492343512157
1.4705959426524673
1.4667434258398087
1.4629345972426486
1.4591692623869537
1.4554472281438264
1.451768302717283
1.4481322956321254
1.4445390177219963
1.4409882811175274
1.4374798992346092
1.4340136867628788
1.4305894596541602
1.4272070351112454
1.4238662315766164
1.4205668687213842
1.4173087674342946
1.4140917498109504
1.4109156391430189
1.4077802599076288
1.4046854377569051
1.4016309995075389
1.3986167731305466
1.395642587741097
1.3927082735884484
1.3898136620459804
1.3869585856014104
1.3841428778470077
1.3813663734699315
1.3786289082428091
1.3759303190141567
1.3732704436991794
1.3706491212704472
1.3680661917488155
1.3655214961943372
1.3630148766973658
1.360546176369653
1.358115239335652
1.3557219107237626
1.353366036657848
1.351047464248673
1.3487660415855611
1.346521617728012
1.3443140426975564
1.342143167469551
1.340008843965142
1.3379109250432923
1.3358492644928943
1.3338237170249339
1.331834138264765
1.3298803847444944
1.3279623138953494
1.3260797840402168
1.3242326543862264
1.3224207850173455
1.3206440368871888
1.3189022718117858
1.3171953524624098
1.3155231423586238
1.3138855058611871
1.3122823081652284
1.3107134152933677
1.3091786940889298
1.30767801220928
1.3062112381191238
1.3047782410839834
1.3033788911637048
1.3020130592059187
1.300680616839775
1.2993814364695697
1.298115391268483
1.2968823551724207
1.2956822028738604
1.29451480981579
1.2933800521856833
1.2922778069095733
1.2912079516461261
1.2901703647808513
1.2891649254202597
1.2881915133861868
1.2872500092101302
1.2863402941275999
1.2854622500725912
1.284615759672077
1.2838007062405374
1.2830169737745951
1.2822644469476288
1.2815430111045154
1.280852552256359
1.2801929570753232
1.2795641128894526
1.2789659076776352
1.2783982300644638
1.2778609693153495
1.2773540153314749
1.276877258644956
1.2764305904139404
1.276013902417838
1.2756270870525117
1.275270037325609
1.2749426468518146
1.2746448098482692
1.2743764211300062
1.274137376105312
1.2739275707713367
1.2737469017095437
1.2735952660813137
1.2734725616236098
1.2733786866445713
1.2733135400192805
1.273277021185441
1.2732690301392213
1.2732894674310429
1.2733382341614496
1.2734152319769525
1.273520363066072
1.2736535301552232
1.2738146365047518
1.2740035859049756
1.274220282672277
1.274464631645224
1.274736538180696
1.2750359081500986
1.2753626479355824
1.2757166644262627
1.27609786501459
1.2765061575925893
1.276941450548259
1.2774036527619828
1.2778926736028904
1.2784084229253698
1.2789508110655008
1.2795197488376497
1.2801151475309474
1.2807369189058764
1.2813849751909256
1.2820592290792014
1.2827595937250795
1.2834859827409515
1.2842383101939001
1.2850164906025077
1.2858204389336023
1.286650070599104
1.2875053014528466
1.2883860477874607
1.2892922263312454
1.2902237542451422
1.2911805491196449
1.2921625289717993
1.2931696122421918
1.294201717791987
1.295258764900005
1.2963406732597684
1.297447362976644
1.2985787545649372
1.2997347689451
1.3009153274408525
1.3021203517764477
1.3033497640738727
1.3046034868500689
1.3058814430143117
1.3071835558653602
1.3085097490889417
1.3098599467549963
1.3112340733150603
1.3126320535996663
1.3140538128157933
1.3154992765442357
1.3169683707371258
1.3184610217153383
1.3199771561660825
1.3215167011403448
1.3230795840504648
1.3246657326676912
1.3262750751198025
1.3279075398886184
1.329563055807721
1.331241552060051
1.332942958175564
1.334667204028951
1.3364142198372833
1.3381839361578054
1.3399762838855898
1.3417911942513685
1.3436285988192889
1.3454884294846756
1.3473706184718837
1.3492750983321398
1.35120180194131
1.353150662497882
1.3551216135207638
1.357114588847207
1.3591295226307682
1.3611663493391717
1.363225003752303
1.3653054209601938
1.3674075363609661
1.3695312856588724
1.3716766048622921
1.3738434302817555
1.3760316985280394
1.3782413465101648
1.3804723114335475
1.3827245307980531
1.3849979423960912
1.3872924843108254
1.389608094914206
1.3919447128652063
1.3943022771079758
1.396680726869994
1.3990800016603127
1.4015000412677614
1.4039407857591473
1.4064021754775293
1.4088841510404642
1.4113866533382993
1.4139096235323974
1.4164530030535027
1.419016733599992
1.4216007571362694
1.4242050158910398
1.4268294523556808
1.4294740092826104
1.432138629683686
1.4348232568285146
1.4375278342429683
1.4402523057074772
1.4429966152555884
1.4457607071722538
1.4485445259924217
1.451348016499383
1.454171123723356
1.4570137929398383
1.4598759696682786
1.4627575996703845
1.465658628948816
1.4685790037456297
1.4715186705408063
1.4744775760509101
1.4774556672274952
1.4804528912558275
1.483469195553393
1.4865045277685254
1.4895588357789713
1.4926320676905906
1.49572417183587
1.4988350967727166
1.501964791282929
1.5051132043710254
1.5082802852627804
1.5114659834039947
1.5146702484591104
1.517893030310017
1.5211342790546232
1.52439394500572
1.5276719786895667
1.530968330844761
1.5342829524208756
1.5376157945772917
1.5409668086819488
1.5443359463100668
1.5477231592430143
1.5511283994670317
1.5545516191720856
1.5579927707506187
1.5614518067964565
1.5649286801035125
1.5684233436647803
1.5719357506710123
1.5754658545097306
1.5790136087639641
1.5825789672111952
1.586161883822188
1.5897623127599307
1.5933802083784756
1.5970155252218812
1.6006682180230831
1.6043382417028698
1.6080255513687458
1.611730102313924
1.6154518500162156
1.6191907501370009
1.6229467585202266
1.6267198311912696
1.6305099243560277
1.6343169943998244
1.6381409978864074
1.641981891556948
1.6458396323290367
1.6497141772957127
1.6536054837244452
1.6575135090562039
1.6614382109044008
1.6653795470540362
1.669337475460655
1.6733119542494514
1.6773029417142669
1.6813103963167235
1.6853342766852217
1.6893745416140877
1.6934311500625867
1.6975040611540617
1.7015932341750106
1.705698628574163
1.7098202039616406
1.7139579201080202
1.7181117369434946
1.7222816145569635
1.7264675131951812
1.7306693932619173
1.734887215317026
1.73912094007573
1.7433705284075944
1.7476359413358622
1.7519171400365205
1.7562140858374993
1.760526740217847
1.7648550648069343
1.7691990213836084
1.7735585718754197
1.77793367835781
1.7823243030533114
1.7867304083307634
1.791151956704567
1.7955889108338121
1.8000412335216074
1.804508887714293
1.808991836500574
1.8134900431109293
1.8180034709167388
1.8225320834295797
1.82707584430048
1.831634717319166
1.8362086664133797
1.8407976556480754
1.845401649224775
1.850020611480798
1.8546545068885814
1.8593033000549117
1.8639669557203276
1.868645438758325
1.8733387141747093
1.878046747106886
1.8827695028231926
1.8875069467222154
1.8922590443321086
1.897025761309919
1.9018070634409248
1.9066029166379894
1.9114132869408649
1.916238140515545
1.9210774436536984
1.9259311627718845
1.9307992644110223
1.9356817152356944
1.9405784820335412
1.9454895317146519
1.9504148313108594
1.9553543479752293
1.9603080489813576
1.9652759017228
1.9702578737124272
1.9752539325818772
1.9802640460809222
1.9852881820768378
1.9903263085538683
1.995378393612638
2.0004444054694837
2.0055243124559836
2.010618083018272
2.0157256857165655
2.0208470892245276
2.0259822623287262
2.0311311739280304
2.03629379303315
2.041470088765922
2.046660030358958
2.0518635871548687
2.0570807286059147
2.06231142427337
2.0675556438269784
2.0728133570444442
2.0780845338108915
2.0833691441183384
2.088667158065171
2.09397854585559
2.0993032777991836
2.104641328909041
2.109992728076832
2.1153574625694316
2.1207355017796368
2.1261268152187753
2.1315313725162546
2.136949143418984
2.142380097790924
2.147824205612532
2.1532814369803326
2.1587517621063568
2.164235151317676
2.169731575055917
2.175241003876787
2.1807634084495326
2.186298759556541
2.191847028092791
2.197408185065414
2.2029822015932283
2.2085690489062135
2.2141686983451425
2.2197811213609984
2.2254062895146207
2.2310441744761844
2.236694748024743
2.2423579820478086
2.248033848540888
2.253722319607012
2.2594233674563347
2.2651369644056314
2.2708630828779253
2.2766016954019967
2.2823527746119807
2.2881162932469072
2.293892224150302
2.299680540269732
2.3054812146564174
2.3112942204647537
2.317119530951941
2.322957119477551
2.3288069595031033
2.334669024591662
2.340543288407447
2.346429724715367
2.352328307380678
2.358239010368559
2.364161807743688
2.3700966736698863
2.3760435824096855
2.382002508323958
2.387973425871531
2.393956309608765
2.3999511341892035
2.405957874363174
2.411976504977394
2.418007000974632
2.424049337393282
2.4301034893670117
2.4361694321244194
2.442247140988593
2.4483365913768145
2.454437758800147
2.4605506188630906
2.4666751472632207
2.4728113197908264
2.4789591123285453
2.485118500851031
2.4912894614245666
2.4974719702067496
2.5036660034461184
2.50987153748181
2.5160885487432276
2.5223170137496944
2.5285569091100903
2.5348082115225505
2.5410708977741012
2.5473449447403356
2.5536303293850957
2.5599270287601112
2.5662350200046955
2.5725542803454
2.578884787095739
2.585226517655772
2.591579449511887
2.597943560236425
2.604318827487368
2.6107052290080417
2.6171027426267903
2.6235113462566564
2.629931017895105
2.63636173562368
2.642803477607712
2.649256222096038
2.655719947420661
2.6621946319964764
2.668680254320961
2.6751767929738874
2.6816842266170324
2.6882025339938673
2.694731693929287
2.70127168532931
2.7078224871807794
2.7143840785511197
2.7209564385879945
2.7275395465190884
2.73413338165177
2.7407379233728495
2.7473531511482885
2.75397904452294
2.760615583120237
2.767262746641976
2.7739205148679975
2.780588867655957
2.7872677849410272
2.7939572467356504
2.80065723312929
2.8073677242881256
2.814088700454832
2.8208201419483117
2.8275620291634374
2.834314342570775
2.8410770627163857
2.8478501702215056
2.8546336457823513
2.861427470169839
2.868231624229357
2.8750460888805045
2.8818708451168575
2.888705874005731
2.8955511566879326
2.902406674377496
2.909272408361526
2.9161483399998502
2.923034450724872
2.929930722041312
2.936837135525942
2.9437536728274325
2.950680315666031
2.9576170458334072
2.964563845192394
2.971520695676781
2.9784875792910652
2.985464478110274
2.9924513742796766
2.9994482500146655
3.006455087600434
3.013471869391835
3.0204985778131364
3.027535195357819
3.0345817045883585
3.041638088136016
3.0487043287006292
3.0557804090504357
3.06286631202182
3.069962020519128
3.07706751751448
3.084182786047563
3.09130780922541
3.0984425702222347
3.105587052279205
3.112741238704272
3.119905112871954
3.1270786582231596
3.1342618582650013
3.14145469657057
3.148657156778798
3.155869222594226
3.1630908777868436
3.1703221061918994
3.1775628917097127
3.184813218305491
3.192073070009154
3.1993424309151606
3.206621285182311
3.213909617033583
3.2212074107559463
3.228514650700223
3.235831321280871
3.243157406975821
3.2504928923263177
3.2578377619367793
3.2651920004745385
3.2725555926697942
3.2799285233153403
3.2873107772664776
3.2947023394408057
3.3021031948180912
3.3095133284400737
3.3169327254103353
3.3243613708941497
3.331799250118268
3.339246348370846
3.3467026510012357
3.35416814341983
3.3616428110979344
3.3691266395676345
3.376619614421554
3.3841217213128427
3.391632945954917
3.399153274121372
3.4066826916458224
3.4142211844217347
3.4217687384023368
3.429325339600439
3.436890974088287
3.4444656279974692
3.452049287518712
3.459641938901824
3.4672435684554834
3.4748541625471403
3.482473707602902
3.4901021901073728
3.497739596603522
3.505385913692571
3.5130411280338634
3.5207052263447234
3.528378195400337
3.5360600220336367
3.5437506931351876
3.5514501956530093
3.559158516592525
3.5668756430163926
3.5746015620444056
3.5823362608533817
3.5900797266770237
3.5978319468058113
3.605592908586922
3.6133625994240495
3.6211410067773433
3.6289281181632997
3.636723921154594
3.6445284033800696
3.652341552524521
3.660163356328646
3.6679938025889793
3.6758328791576815
3.6836805739425293
3.6915368749067694
3.6994017700690276
3.7072752475032176
3.715157295338397
3.7230479017587554
3.7309470550034396
3.7388547433664785
3.7467709551966935
3.7546956788976367
3.7626289029274154
3.7705706157986962
3.778520806078565
3.786479462388416
3.794446573403917
3.8024221278548804
3.810406114525207
3.8183985222527825
3.8263993399293623
3.834408556500606
3.8424261609658164
3.850452142378017
3.8584864898437927
3.86652919252323
3.874580239629847
3.8826396204304867
3.8907073242452768
3.8987833404475523
3.9068676584637485
3.914960267773392
3.9230611579089207
3.9311703184557274
3.939287739052078
3.947413409388928
3.955547319210006
3.9636894583116473
3.971839816542783
3.979998383804842
3.988165150051685
3.99634010528957
4.004523239577131
4.012714543025176
4.020914005796792
4.029121618107186
4.037337370223658
4.045561252465553
4.053793255204209
4.062033368862869
4.07028158391666
4.078537890892567
4.086802280369311
4.0950747429773635
4.103355269398863
4.111643850367603
4.119940476668924
4.128245139139749
4.136557828668466
4.14487853619495
4.153207252710462
4.161543969257644
4.169888676930461
4.178241366874212
4.186602030285409
4.1949706584117905
4.203347242552299
4.211731774057003
4.220124244327121
4.228524644814927
4.236932967023762
4.245349202507983
4.253773342872946
4.26220537977498
4.270645304921344
4.2790931100702
4.287548787030632
4.296012327662552
4.304483723876737
4.312962967634777
4.3214500509490605
4.329944965882762
4.338447704549811
4.3469582591148646
4.355476621793371
4.364002784851423
4.372536740605829
4.381078481424105
4.3896279997244045
4.398185287975585
4.4067503386971305
4.415323144459167
4.423903697882462
4.432491991638427
4.441088018449071
4.449691771087044
4.458303242375573
4.466922425188567
4.47554931245047
4.484183897136396
4.49282617227204
4.501476130933731
4.510133766248387
4.518799071393589
4.527472039597501
4.5361526641389505
4.544840938347391
4.553536855602939
4.562240409336367
4.57095159302909
4.579670400213254
4.588396824471661
4.597130859437822
4.605872498796002
4.614621736281187
4.623378565679105
4.63214298082629
4.64091497561006
4.649694543968534
4.658481679890716
4.6672763774164014
4.676078630636325
4.6848884336921275
4.693705780776364
4.702530666132581
4.711363084055291
4.720203028890054
4.72905049503347
4.737905476933238
4.746767969088175
4.755637966048232
4.764515462414582
4.7734004528396
4.782292932026954
4.791192894731562
4.800100335759746
4.8090152499691925
4.817937632269005
4.8268674776197456
4.835804781033559
4.844749537574069
4.85370174235657
4.862661390547967
4.8716284773669285
4.880602998083838
4.889584948020902
4.898574322552207
4.907571117103733
4.916575327153452
4.925586948231364
4.934605975919547
4.943632405852227
4.952666233715886
4.961707455249196
4.970756066243227
4.979812062541425
4.988875440039692
4.997946194686476
5.0070243224827875
5.016109819482357
5.025202681791604
5.034302905569781
5.043410487029027
5.0525254224343925
5.061647708104009
5.070777340409111
5.079914315774079
5.089058630676595
5.098210281647653
5.107369265271697
5.116535578186684
5.125709217084144
5.1348901787092895
5.144078459861099
5.153274057392417
5.162476968210007
5.1716871892746825
5.180904717601388
5.1901295502592575
5.199361684371754
5.20860111711677
5.217847845726653
5.227101867488402
5.236363179743705
5.245631779889047
5.25490766537582
5.264190833710431
5.273481282454408
5.282779009224512
5.292084011692792
5.301396287586775
5.310715834689547
5.320042650839816
5.3293767339320866
5.338718081916772
5.348066692800259
5.357422564645074
5.366785695569994
5.3761560837501285
5.385533727417107
5.394918624859141
5.404310774421192
5.413710174505051
5.4231168235695195
5.432530720130513
5.441951862761151
5.451380250091966
5.460815880811
5.470258753663907
5.479708867454127
5.489166221043035
5.498630813350017
5.5081026433526885
5.517581710086991
5.527068012647318
5.536561550186708
5.546062321916965
5.5555703271087955
5.56508556509197
5.574608035255472
5.584137737047655
5.593674669976382
5.603218833609191
5.612770227573454
5.622328851556499
5.631894705305836
5.641467788629255
5.6510481013950375
5.660635643532069
5.670230415030022
5.679832415939573
5.689441646372474
5.699058106501845
5.708681796562208
5.718312716849758
5.727950867722517
5.737596249600481
5.747248862965829
5.756908708363079
5.766575786399282
5.7762500977442075
5.785931643130505
5.79562042335392
5.8053164392734455
5.815019691811538
5.8247301819542985
5.834447910751677
5.844172879317604
5.853905088830283
5.863644540532319
5.873391235730911
5.883145175798105
5.892906362170937
5.902674796351667
5.912450479907989
5.922233414473209
5.932023601746471
5.94182104349294
5.951625741544083
5.961437697797788
5.971256914218615
5.981083392838047
5.990917135754683
6.0007581451344
6.010606423210653
6.020461972284676
6.030324794725668
6.040194892971063
6.050072269526728
6.059956926967196
6.069848867935919
6.07974809514545
6.089654611377747
6.099568419484302
6.109489522386493
6.119417923075785
6.129353624613869
6.139296630133079
6.14924694283648
6.1592045659982055
6.169169502963671
6.179141757149814
6.1891213320453256
6.1991082312109915
6.2091024582798084
6.219104016957369
6.229112911021993
6.239129144325109
6.249152720791424
6.259183644419211
6.2692219192805485
6.27926754952167
6.289320539363097
6.299380893100007
6.30944861510248
6.319523709815696
6.329606181760354
6.339696035532798
6.349793275805378
6.35989790732667
6.370009934921809
6.380129363492749
6.3902561980184895
6.400390443555451
6.410532105237714
6.420681188277267
6.430837697964353
6.441001639667734
6.451173018834971
6.461351840992731
6.4715381117470825
6.481731836783762
6.491933021868496
6.5021416728473085
6.512357795646797
6.5225813962744175
6.532812480818819
6.543051055450162
6.553297126420347
6.563550700063421
6.573811782795789
6.584080381116601
6.594356501608003
6.604640150935509
6.614931335848235
6.625230063179301
6.6355363398460705
6.645850172850517
6.656171569279518
6.666500536305188
6.676837081185208
6.687181211263089
6.69753293396857
6.7078922568179244
6.718259187414246
6.728633733447807
6.739015902696402
6.749405703025622
6.759803142389259
6.7702082288295795
6.7806209704776705
6.791041375553772
6.80146945236764
6.811905209318862
6.82234865489715
6.83279979768276
6.843258646346791
6.853725209651489
6.864199496450664
6.874681515689952
6.885171276407206
6.8956687877328315
6.906174058890147
6.9166870991956495
6.927207918059461
6.937736524985631
6.948272929572445
6.958817141512841
6.969369170594708
6.979929026701276
6.9904967198114
7.001072259999953
7.011655657438204
7.022246922394101
7.03284606523266
7.043453096416318
7.054068026505261
7.064690866157796
7.075321626130717
7.085960317279581
7.096606950559163
7.107261537023723
7.11792408782744
7.128594614224643
7.139273127570294
7.149959639320234
7.160654161031614
7.171356704363198
7.182067281075725
7.192785903032234
7.203512582198486
7.214247330643234
7.224990160538599
7.235741084160422
7.246500113888653
7.257267262207582
7.2680425417063095
7.278825965079022
7.289617545125347
7.300417294750694
7.311225226966621
7.322041354891154
7.332865691749081
7.3436982508724125
7.35453904570059
7.365388089780876
7.376245396768673
7.387110980427913
7.397984854631284
7.408867033360625
7.419757530707273
7.430656360872301
7.441563538166939
7.452479077012809
7.46340299194231
7.47433529759886
7.485276008737304
7.4962251402241415
7.507182707037847
7.51814872426921
7.529123207121626
7.540106170911357
7.551097631067862
7.56209760313409
7.573106102766747
7.5841231457366
7.595148747928756
7.60618292534289
7.617225694093632
7.628277070410718
7.639337070639316
7.650405711240263
7.661483008790364
7.672568979982574
7.683663641626303
7.694767010647661
7.705879104089632
7.716999939112367
7.728129532993406
7.739267903127857
7.750415067028667
7.761571042326771
7.772735846771373
7.783909498230073
7.795092014689065
7.806283414253384
7.817483715147045
7.828692935713151
7.839911094414176
7.851138209832052
7.86237430066833
7.8736193857443055
7.884873484001188
7.89613661450021
7.90740879642274
7.918690049070387
7.929980391865122
7.941279844349355
7.952588426186018
7.963906157158669
7.975233057171475
7.986569146249355
7.997914444538013
8.009268972303897
8.020632749934299
8.032005797937353
8.043388136942
8.054779787698019
8.066180771075992
8.077591108067283
8.089010819783946
8.10043992745873
8.111878452444978
8.123326416216525
8.134783840367641
8.14625074661293
8.157727156787143
8.169213092845071
8.180708576861448
8.192213631030688
8.20372827766679
8.215252539203089
8.226786438192045
8.238329997305073
8.24988323933218
8.26144618718186
8.27301886388064
8.284601292572985
8.29619349652079
8.307795499103152
8.319407323816023
8.331028994271803
8.342660534198979
8.354301967441693
8.365953317959354
8.377614609826121
8.389285867230518
8.400967114474875
8.412658375974875
8.424359676258929
8.436071039967754
8.447792491853674
8.459524056780067
8.471265759720744
8.4830176257593
8.494779680088403
8.506551948009156
8.51833445493028
8.53012722636748
8.541930287942572
8.553743665382715
8.565567384519584
8.577401471288464
8.58924595172746
8.60110085197647
8.612966198276286
8.624842016967618
8.636728334490119
8.648625177381248
8.660532572275303
8.672450545902265
8.684379125086673
8.696318336746465
8.70826820789174
8.720228765623594
8.732200037132763
8.744182049698368
8.756174830686582
8.768178407549184
8.78019280782222
8.792218059124515
8.804254189156152
8.816301225696996
8.828359196605076
8.840428129814985
8.852508053336237
8.864598995251557
8.876700983715171
8.888814046951
8.900938213250818
8.913073510972449
8.925219968537773
8.937377614430854
8.949546477195861
8.961726585435045
8.973917967806653
8.986120653022803
8.998334669847193
9.010560047092953
9.022796813620346
9.035044998334323
9.047304630182248
9.059575738151388
9.071858351266394
9.084152498586764
9.096458209204267
9.108775512240198
9.121104436842725
9.13344501218407
9.14579726745771
9.158161231875424
9.170536934664396
9.18292440506416
9.195323672323559
9.207734765697602
9.220157714444253
9.232592547821177
9.245039295082421
9.257497985475064
9.269968648235707
9.282451312586952
9.294946007733916
9.307452762860496
9.319971607125657
9.332502569659681
9.345045679560295
9.357600965888768
9.370168457665876
9.382748183867909
9.395340173422444
9.407944455204214
9.420561058030788
9.433190010658246
9.445831341776698
9.458485080005818
9.4711512538903
9.483829891895102
9.496521022400797
9.509224673698752
9.521940873986193
9.534669651361282
9.547411033818062
9.560165049241297
9.572931725401325
9.585711089948724
9.598503170408927
9.61130799417683
9.624125588511204
9.636955980529123
9.649799197200192
9.662655265340836
9.675524211608415
9.688406062495217
9.701300844322475
9.714208583234257
9.727129305191154
9.740063035964123
9.753009801127996
9.765969626055057
9.778942535908461
9.791928555635641
9.804927709961518
9.817940023381707
9.830965520155605
9.844004224299438
9.8570561595791
9.87012134950307
9.883199817315086
9.896291585986877
9.909396678210621
9.922515116391564
9.935646922640274
9.948792118765082
9.961950726264202
9.975122766317915
9.988308259780602
10.001507227172706
10.014719688672654
10.027945664108547
10.041185172949982
10.054438234299603
10.067704866884704
10.08098508904862
10.094278918742159
10.107586373514875
10.120907470506317
10.13424222643714
10.147590657600142
10.160952779851307
10.174328608600712
10.187718158803307
10.201121444949697
10.214538481056861
10.227969280658755
10.241413856796848
10.254872222010608
10.268344388327927
10.281830367255443
10.295330169768878
10.308843806303235
10.322371286742925
10.335912620411934
10.349467816063886
10.363036881871967
10.376619825418954
10.390216653687041
10.403827373047799
10.417451989251845
10.431090507418727
10.444742932026594
10.458409266901889
10.472089515209051
10.485783679440068
10.499491761404112
10.513213762217143
10.52694968229142
10.540699521325022
10.554463278291397
10.568240951428832
10.58203253822999
10.595838035431356
10.609657439002733
10.623490744136749
10.637337945238327
10.651199035914205
10.665074008962431
10.678962856361897
10.692865569261944
10.706782137971866
10.720712551950552
10.734656799796142
10.7486148692357
10.762586747114923
10.776572419387948
10.79057187110715
10.804585086413006
10.818612048524097
10.83265273972707
10.846707141366748
10.86077523383626
10.874856996567352
10.888952408020648
10.903061445676059
10.917184086023392
10.93132030455294
10.94547007574616
10.95963337306659
10.973810168950806
10.98800043479949
11.002204140968683
11.016421256761193
11.03065175041799
11.044895589109956
11.059152738929717
11.07342316488354
11.087706830883517
11.102003699739898
11.116313733153603
11.130636891708805
11.14497313486591
11.159322420954608
11.173684707167098
11.188059949551644
11.202448103006232
11.216849121272482
11.231262956929873
11.245689561390051
11.260128884891518
11.274580876494474
11.289045484075938
11.30352265432523
11.318012332739478
11.332514463619678
11.347028990066809
11.361555853978373
11.376094996045142
11.390646355748245
11.405209871356538
11.419785479924267
11.434373117289073
11.4489727180703
11.463584215667577
11.478207542259872
11.492842628804683
11.507489405037713
11.522147799472828
11.536817739402391
11.55149915089792
11.566191958811093
11.580896086775173
11.595611457206763
11.61033799130789
11.625075609068537
11.639824229269507
11.654583769485658
11.669354146089637
11.684135274255745
11.698927067964503
11.713729440007373
11.728542301992071
11.743365564348023
11.758199136332507
11.773042926037002
11.78789684039402
11.802760785184335
11.817634665044585
11.832518383475374
11.847411842849633
11.862314944421566
11.87722758833589
11.892149673637464
11.907081098281466
11.922021759143872
11.936971552032336
11.951930371697548
11.96689811184494
11.981874665146844
11.996859923255036
12.011853776813645
12.026856115472539
12.041866827901043
12.056885801802089
12.071912923926755
12.086948080089119
12.101991155181674
12.117042033190934
12.13210059721348
12.147166729472469
12.162240311334369
12.177321223326151
12.192409345152821
12.207504555715243
12.222606733128442
12.237715754740062
12.252831497149325
12.267953836226262
12.283082647131154
12.298217804334518
12.313359181637153
12.328506652190642
12.343660088518082
12.358819362535117
12.37398434557121
12.389154908391259
12.404330921217342
12.419512253750831
12.434698775194688
12.44989035427598
12.465086859268617
12.480288158016327
12.495494117955833
12.51070460614015
12.525919489262101
12.541138633678077
12.556361905431826
12.57158917027845
12.586820293708515
12.602055140972386
12.61729357710449
12.632535466947873
12.647780675178687
12.663029066330877
12.678280504820869
12.693534854972329
12.708791981041033
12.724051747239596
12.739314017762434
12.75457865681063
12.769845528616747
12.785114497469772
12.800385427739897
12.815658183903347
12.83093263056712
12.846208632493711
12.861486054625699
12.876764762110316
12.892044620323913
12.90732549489626
12.922607251734787
12.937889757048747
12.953172877373156
12.968456479592513
12.983740430964613
12.999024599143935
13.014308852204984
13.029593058665416
13.044877087508949
13.06016080820805
13.07544409074646
13.090726805641445
13.106008823965782
13.121290017369548
13.136570258101674
13.151849419031128
13.167127373667906
13.18240399618376
13.19767916143257
13.212952744970412
13.2282246230754
13.243494672767156
13.25876277182593
13.274028798811505
13.289292633081622
13.304554154810146
13.319813245004912
13.33506978552519
13.350323659098702
13.365574749338414
13.38082294075891
13.396068118792389
13.411310169804226
13.426548981108247
13.441784440981582
13.457016438679103
13.472244864447504
13.487469609538964
13.502690566224398
13.517907627806373
13.533120688631575
13.548329644102804
13.563534390690704
13.578734825944974
13.593930848505229
13.609122358111401
13.624309255613785
13.639491442982644
13.654668823317387
13.669841300855362
13.685008780980242
13.70017117022999
13.715328376304397
13.730480308072273
13.74562687557813
13.760767990048564
13.775903563898204
13.791033510735224
13.806157745366441
13.821276183802146
13.836388743260382
13.851495342170942
13.866595900178895
13.881690338147838
13.896778578162644
13.911860543531937
13.92693615879011
13.942005349699032
13.957068043249404
13.97212416766167
13.987173652386655
14.002216428105799
14.017252426731067
14.032281581404607
14.047303826497819
14.062319097610366
14.077327331568748
14.092328466424457
14.107322441452055
14.122309197146683
14.137288675221399
14.152260818604228
14.167225571434924
14.182182879061298
14.197132688035454
14.212074946109649
14.227009602231965
14.241936606541486
14.256855910363587
14.271767466204631
14.28667122774663
14.301567149841562
14.31645518850549
14.33133530091245
14.346207445388144
14.361071581403369
14.37592766956726
14.390775671620304
14.405615550427267
14.420447269969761
14.435270795338756
14.450086092726822
14.464893129420343
14.479691873791372
14.494482295289457
14.509264364433303
14.524038052802192
14.538803333027445
14.553560178783512
14.56830856477909
14.58304846674811
14.59777986144058
14.612502726613215
14.627217041020137
14.641922784403363
14.6566199374832
14.671308481948587
14.685988400447311
14.700659676576196
14.71532229487109
14.729976240797011
14.744621500737969
14.75925806198688
14.7738859127354
14.788505042063704
14.803115439930188
14.817717097161148
14.832310005440437
14.846894157299074
14.861469546104846
14.876036166051813
14.890594012149885
14.90514308021434
14.91968336685533
14.934214869467375
14.948737586218824
14.963251516041423
14.977756658619782
14.992253014380838
15.0067405844834
15.021219370807701
15.035689375944886
15.050150603186633
15.064603056514676
15.079046740590464
15.093481660744798
15.10790782296747
15.122325233897008
15.136733900810368
15.151133831612796
15.165525034827597
15.179907519585992
15.194281295617092
15.208646373237817
15.22300276334295
15.237350477395177
15.251689527415241
15.266019925972131
15.280341686173292
15.294654821654987
15.308959346572626
15.323255275591222
15.337542623875889
15.35182140708242
15.36609164134791
15.380353343281508
15.394606529955155
15.408851218894464
15.423087428069651
15.43731517588656
15.451534481177736
15.465745363193573
15.47994784159358
15.494141936437739
15.508327668177799
15.522505057648894
15.536674126061033
15.55083489499078
15.564987386372948
15.579131622492518
15.593267625976411
15.607395419785597
15.621515027207083
15.635626471846138
15.649729777618525
15.663824968742778
15.677912069732734
15.69199110538994
15.706062100796316
15.720125081306803
15.734180072542143
15.748227100381758
15.762266190956696
15.776297370642595
15.79032066605294
15.80433610403214
15.818343711648904
15.832343516189608
15.84633554515176
15.860319826237545
15.874296387347526
15.888265256574304
15.902226462196376
15.916180032672035
15.93012599663337
15.944064382880331
15.95799522037484
15.971918538235125
15.985834365729989
15.999742732273232
16.013643667418147
16.02753720085209
16.04142336239116
16.05530218197489
16.06917368966115
16.083037915620967
16.096894890133527
16.110744643581288
16.124587206445057
16.138422609299216
16.152250882807046
16.166072057716093
16.17988616485358
16.193693235121987
16.207493299494594
16.221286389011194
16.23507253477384
16.24885176794261
16.262624119731605
16.27638962140475
16.290148304272044
16.303900199685472
16.317645339035263
16.33138375374614
16.345115475273644
16.358840535100416
16.372558964732793
16.38627079569718
16.399976059536705
16.413674787807874
16.42736701207721
16.44105276391806
16.454732074907422
16.46840497662286
16.482071500639414
16.49573167852663
16.509385541845663
16.52303312214636
16.53667445096449
16.550309559818952
16.563938480209128
16.57756124361221
16.5911778814806
16.604788425239445
16.618392906284043
16.63199135597756
16.645583805648553
16.659170286588697
16.672750830050504
16.686325467245087
16.69989422934005
16.713457147457248
16.727014252670873
16.74056557600532
16.75411114843319
16.767651000873464
16.78118516418954
16.794713669187363
16.808236546613713
16.82175382715442
16.83526554143261
16.848771720007036
16.862272393370546
16.8757675919484
16.889257346096713
16.902741686101052
16.916220642174867
16.929694244458094
16.94316252301578
16.9566255078367
16.97008322883207
16.983535715834236
16.996982998595456
17.010425106786638
17.02386206999622
17.03729391772903
17.050720679405106
17.06414238435867
17.07755906183708
17.09097074099984
17.104377450917543
17.11777922057098
17.131176078850196
17.144568054553613
17.157955176387148
17.1713374729634
17.184714972800766
17.1980877043228
17.21145569585734
17.224818975635834
17.238177571792615
17.25153151236423
17.264880825288856
17.278225538405554
17.29156567945375
17.30490127607265
17.31823235580067
17.331558946074896
17.34488107423062
17.35819876750078
17.371512053015568
17.384820957801956
17.398125508783266
17.411425732778728
17.424721656503234
17.43801330656681
17.451300709474356
17.464583891625335
17.47786287931344
17.491137698726284
17.504408375945143
17.517674936944765
17.530937407593022
17.5441958136508
17.557450180771706
17.570700534501945
17.583946900280083
17.59718930343701
17.610427769195645
17.623662322670924
17.636892988869615
17.6501197926903
17.66334275892322
17.676561912250232
17.689777277244755
17.702988878371706
17.71619673998751
17.72940088634005
17.74260134156863
17.755798129704033
17.76899127466857
17.782180800275963
17.795366730231542
17.808549088132214
17.821727897466562
17.834903181614834
17.848074963849122
17.861243267333418
17.874408115123693
17.88756953016803
17.90072753530674
17.913882153272443
17.9270334066903
17.94018131807809
17.953325909846345
17.966467204298574
17.979605223631395
17.9927399899347
18.00587152519189
18.018999851279986
18.032124989969905
18.04524696292665
18.05836579170947
18.07148149777214
18.08459410246314
18.09770362702595
18.11081009259923
18.12391352021704
18.137013930809186
18.150111345201395
18.163205784115593
18.17629726817019
18.18938581788032
18.202471453658163
18.21555419581316
18.228634064552352
18.24171107998066
18.25478526210114
18.267856630815356
18.28092520592361
18.293991007125253
18.30705405401908
18.32011436610354
18.333171962777087
18.346226863338547
18.359279086987367
18.372328652824017
18.38537557985026
18.398419886969517
18.411461592987195
18.42450071661105
18.437537276451483
18.450571291021916
18.463602778739144
18.47663175792366
18.489658246800058
18.502682263497285
18.515703826049137
18.528722952394492
18.54173966037775
18.55475396774917
18.56776589216521
18.58077545118894
18.593782662290394
18.60678754284687
18.61979011014345
18.63279038137319
18.64578837363766
18.65878410394723
18.671777589221414
18.684768846289337
18.697757891890067
18.71074474267297
18.72372941519812
18.736711925936692
18.74969229127132
18.76267052749646
18.77564665081882
18.788620677357724
18.80159262314544
18.81456250412767
18.827530336163864
18.84049613502761
18.853459916407004
18.86642169590512
18.879381489040274
18.89233931124651
18.905295177873917
18.918249104189062
18.931201105375337
18.944151196533404
18.957099392681496
18.970045708755865
18.98299015961115
18.99593276002076
19.008873524677288
19.021812468192785
19.034749605099343
19.04768494984926
19.06061851681558
19.073550320292433
19.086480374495356
19.099408693561745
19.11233529155127
19.125260182446127
19.138183380151542
19.151104898496058
19.164024751232027
19.176942952035848
19.189859514508473
19.20277445217569
19.21568777848856
19.228599506823752
19.241509650483962
19.254418222698227
19.26732523662233
19.280230705339214
19.293134641859275
19.306037059120772
19.31893796999019
19.331837387262645
19.344735323662167
19.357631791842135
19.37052680438564
19.38342037380582
19.396312512546228
19.40920323298122
19.422092547416256
19.43498046808836
19.44786700716639
19.460752176751406
19.473635988877092
19.486518455509998
19.499399588550034
19.512279399830724
19.525157901119524
19.538035104118347
19.550911020463694
19.56378566172715
19.57665903941569
19.589531164971994
19.602402049774838
19.615271705139424
19.628140142317683
19.641007372498663
19.653873406808874
19.666738256312545
19.679601932012083
19.692464444848294
19.705325805700785
19.718186025388285
19.73104511466896
19.743903084240753
19.756759944741674
19.76961570675023
19.782470380785643
19.79532397730821
19.808176506719654
19.82102797936342
19.833878405524967
19.846727795432137
19.859576159255468
19.872423507108454
19.885269849047962
19.898115195074396
19.91095955513217
19.923802939109923
19.93664535684082
19.949486818102947
19.96232733261947
19.975166910059095
19.988005560036328
20.000843292111657
20.013680115792038
20.026516040531035
20.039351075729247
20.052185230734512
20.065018514842215
20.077850937295665
20.09068250728623
20.10351323395379
20.11634312638696
20.129172193623287
20.14200044464972
20.15482788840277
20.167654533768765
20.180480389584265
20.193305464636197
20.20612976766227
20.21895330735114
20.231776092342724
20.24459813122852
20.257419432551817
20.27024000480799
20.2830598564448
20.295878995862594
20.30869743141466
20.321515171407448
20.334332224100784
20.34714859770826
20.35996430039739
20.37277934028986
20.38559372546194
20.398407463944526
20.41122056372358
20.424033032740283
20.436844878891282
20.449656110029082
20.462466733962074
20.475276758455
20.48808619122907
20.50089503996221
20.513703312289426
20.526511015802928
20.539318158052396
20.552124746545275
20.564930788746945
20.577736292081056
20.590541263929666
20.603345711633498
20.616149642492257
20.628953063764776
20.641755982669267
20.654558406383597
20.667360342045427
20.68016179675257
20.692962777563142
20.70576329149573
20.71856334552976
20.731362946605596
20.744162101624834
20.756960817450533
20.76975910090733
20.7825569587818
20.795354397822592
20.808151424740643
20.82094804620944
20.83374426886518
20.846540099307028
20.859335544097323
20.87213060976175
20.884925302789576
20.897719629633933
20.910513596711827
20.923307210404573
20.936100477057856
20.94889340298197
20.961685994452065
20.97447825770822
20.987270198955862
21.000061824365684
21.012853140074128
21.025644152183403
21.038434866761666
21.051225289843348
21.064015427429297
21.07680528548683
21.08959486995018
21.102384186720464
21.11517324166598
21.12796204062239
21.14075058939286
21.153538893748305
21.166326959427497
21.17911479213736
21.191902397553037
21.20468978131814
21.21747694904491
21.23026390631442
21.24305065867668
21.25583721165093
21.268623570725687
21.28140974135904
21.294195728978767
21.306981538982473
21.31976717673782
21.33255264758271
21.345337956825343
21.358123109744582
21.370908111589884
21.38369296758167
21.396477682911414
21.409262262741734
21.42204671220669
21.43483103641186
21.447615240434523
21.460399329323856
21.47318330810101
21.48596718175932
21.49875095526457
21.511534633554884
21.52431822154119
21.537101724107117
21.54988514610933
21.562668492377608
21.575451767714945
21.588234976897844
21.601018124676376
21.61380121577426
21.626584254889202
21.639367246692817
21.652150195830995
21.664933106923904
21.677715984566174
21.69049883332705
21.703281657750537
21.71606446235554
21.728847251635987
21.741630030061
21.754412802075024
21.76719557209798
21.77997834452535
21.79276112372841
21.80554391405427
21.81832671982605
21.831109545343068
21.84389239488089
21.856675272691486
21.8694581830034
21.882241130021868
21.895024117928937
21.907807150883553
21.920590233021812
21.93337336845699
21.94615656127967
21.958939815557926
21.9717231353374
21.98450652464148
21.997289987471365
22.010073527806256
22.022857149603393
22.035640856798278
22.048424653304714
22.061208543015006
22.073992529799956
22.08677661750915
22.09956080997098
22.112345110992717
22.125129524360755
22.137914053840625
22.150698703177163
22.16348347609461
22.176268376296704
22.189053407466872
22.201838573268244
22.214623877343836
22.227409323316635
22.2401949147897
22.252980655346338
22.265766548550147
22.2785525979451
22.29133880705577
22.304125179387327
22.316911718425672
22.32969842763762
22.34248531047091
22.355272370354314
22.368059610697873
22.380847034892813
22.393634646311803
22.40642244830891
22.419210444219924
22.431998637362227
22.444787031035
22.45757562851936
22.470364433078426
22.483153447957314
22.49594267638345
22.508732121566492
22.521521786698507
22.53431167495406
22.54710178949026
22.55989213344694
22.57268270994669
22.58547352209499
22.598264572980288
22.61105586567404
22.623847403230947
22.636639188688893
22.649431225069108
22.662223515376304
22.675016062598655
22.687808869708018
22.70060193965987
22.713395275393534
22.72618887983224
22.738982755883157
22.75177690643752
22.764571334370718
22.777366042542376
22.790161033796437
22.802956310961253
22.815751876849678
22.828547734259153
22.84134388597176
22.854140334754337
22.86693708335858
22.87973413452105
22.892531490963353
22.905329155392156
22.918127130499272
22.930925418961802
22.94372402344212
22.956522946587995
22.969322191032752
22.982121759395216
22.99492165427985
23.007721878276897
23.020522433962324
23.03332332389802
23.046124550631774
23.05892611669748
23.071728024615094
23.084530276890717
23.09733287601677
23.11013582447195
23.122939124721377
23.135742779216677
23.148546790395958
23.161351160684017
23.174155892492358
23.186960988219155
23.199766450249516
23.212572280955392
23.225378482695795
23.238185057816718
23.250992008651327
23.263799337519934
23.27660704673013
23.28941513857686
23.30222361534242
23.31503247929661
23.32784173269673
23.340651377787736
23.353461416802176
23.36627185196041
23.379082685470504
23.391893919528478
23.404705556318245
23.417517598011703
23.43033004676885
23.443142904737748
23.45595617405466
23.468769856844162
23.481583955219065
23.494398471280586
23.507213407118417
23.520028764810704
23.532844546424126
23.54566075401407
23.558477389624535
23.571294455288324
23.58411195302695
23.596929884850926
23.609748252759566
23.6225670587412
23.63538630477326
23.64820599282217
23.661026124843616
23.67384670278243
23.68666772857275
23.699489204138025
23.712311131391093
23.725133512234247
23.73795634855928
23.750779642247483
23.763603395169856
23.77642760918698
23.789252286149193
23.80207742789658
23.81490303625909
23.827729113056527
23.84055566009864
23.853382679185177
23.866210172105895
23.879038140640663
23.891866586559498
23.904695511622634
23.917524917580494
23.930354806173877
23.94318517913388
23.956016038182014
23.968847385030255
23.981679221381118
23.994511548927555
24.007344369353262
24.020177684332484
24.033011495530218
24.045845804602195
24.058680613194948
24.07151592294586
24.08435173548319
24.097188052426166
24.110024875384983
24.1228622059609
24.13570004574622
24.14853839632443
24.161377259270147
24.174216636149232
24.187056528518806
24.199896937927303
24.212737865914512
24.225579314011657
24.23842128374137
24.25126377661781
24.264106794146677
24.276950337825195
24.28979440914226
24.30263900957845
24.315484140606042
24.328329803689034
24.341176000283284
24.354022731836444
24.366869999788047
24.37971780556959
24.3925661506045
24.405415036308217
24.41826446408827
24.43111443534425
24.44396495146783
24.456816013842943
24.469667623845687
24.48251978284442
24.495372492199795
24.508225753264803
24.521079567384817
24.53393393589756
24.546788860133287
24.55964434141469
24.572500381057008
24.58535698036808
24.598214140648274
24.61107186319066
24.62393014928094
24.636789000197588
24.649648417211814
24.662508401587598
24.675368954581796
24.688230077444075
24.701091771417026
24.713954037736226
24.726816877630114
24.73968029232025
24.75254428302124
24.76540885094067
24.778273997279342
24.79113972323115
24.80400602998323
24.816872918715916
24.829740390602772
24.842608446810683
24.85547708849986
24.86834631682386
24.881216132929648
24.894086537957588
24.906957533041535
24.91982911930884
24.93270129788036
24.94557406987051
24.958447436387324
24.971321398532385
24.98419595740107
24.997071114082303
25.009946869658823
25.022823225207087
25.035700181797303
25.048577740493585
25.061455902353774
25.074334668429714
25.087214039767076
25.100094017405493
25.112974602378554
25.12585579571389
25.138737598433092
25.15162001155191
25.164503036080113
25.177386673021594
25.190270923374424
25.20315578813082
25.21604126827726
25.228927364794412
25.241814078657224
25.25470141083497
25.2675893622912
25.28047793398383
25.293367126865192
25.306256941881983
25.31914737997538
25.332038442080965
25.344930129128898
25.35782244204378
25.37071538174479
25.383608949145703
25.396503145154863
25.40939797067527
25.42229342660456
25.435189513835056
25.448086233253807
25.46098358574257
25.473881572177895
25.48678019343109
25.49967945036831
25.512579343850526
25.52547987473357
25.53838104386816
25.551282852099966
25.56418530026962
25.577088389212594
25.58999211975951
25.602896492735916
25.615801508962395
25.628707169254643
25.641613474423423
25.654520425274605
25.667428022609233
25.680336267223474
25.69324515990869
25.706154701451478
25.71906489263363
25.731975734232243
25.744887227019664
25.757799371763543
25.77071216922689
25.783625620168024
25.79653972534067
25.80945448549392
25.82236990137232
25.835285973715845
25.848202703259933
25.86112009073549
25.874038136868947
25.88695684238228
25.899876207993017
25.912796234414223
25.92571692235462
25.938638272518492
25.951560285605773
25.964482962312122
25.977406303328788
25.990330309342767
26.003254981036804
26.016180319089347
26.02910632417465
26.04203299696269
26.05496033811934
26.067888348306244
26.08081702818089
26.093746378396677
26.106676399602865
26.11960709244461
26.13253845756305
26.145470495595195
26.158403207174096
26.17133659292879
26.18427065348426
26.197205389461548
26.210140801477763
26.22307689014606
26.236013656075695
26.248951099872016
26.261889222136503
26.274828023466778
26.287767504456593
26.30070766569594
26.313648507770946
26.326590031264008
26.339532236753733
26.352475124814987
26.36541869601889
26.378362950932875
26.391307890120686
26.404253514142365
26.417199823554316
26.430146818909314
26.443094500756505
26.45604286964139
26.468991926105957
26.481941670688585
26.49489210392409
26.5078432263438
26.520795038475462
26.53374754084336
26.54670073396831
26.559654618367638
26.572609194555213
26.585564463041468
26.598520424333472
26.611477078934826
26.62443442734578
26.6373924700632
26.65035120758064
26.66331064038827
26.676270768972994
26.689231593818327
26.702193115404583
26.715155334208777
26.72811825070464
26.74108186536273
26.75404617865028
26.76701119103142
26.779976902967
26.792943314914748
26.80591042732919
26.818878240661753
26.831846755360672
26.844815971871125
26.857785890635128
26.870756512091617
26.883727836676538
26.89669986482266
26.909672596959766
26.92264603351464
26.935620174910984
26.94859502156956
26.961570573908077
26.974546832341343
26.987523797281167
27.00050146913643
27.013479848313064
27.026458935214105
27.039438730239674
27.052419233787028
27.065400446250532
27.07838236802165
27.091364999489116
27.10434834103869
27.117332393053413
27.130317155913453
27.14330262999623
27.156288815676408
27.16927571332578
27.18226332331355
27.19525164600596
27.208240681766725
27.22123043095678
27.234220893934303
27.24721207105487
27.260203962671362
27.273196569133884
27.28618989079006
27.299183927984764
27.31217868106031
27.325174150356336
27.338170336209924
27.351167238955583
27.364164858925182
27.37716319644804
27.39016225185101
27.403162025458307
27.416162517591662
27.429163728570288
27.44216565871087
27.455168308327632
27.468171677732297
27.481175767234134
27.494180577139982
27.50718610775414
27.520192359378584
27.53319933231281
27.54620702685389
27.55921544329656
27.572224581933078
27.58523444305342
27.59824502694516
27.611256333893458
27.62426836418121
27.63728111808896
27.650294595894913
27.663308797874976
27.676323724302737
27.689339375449556
27.70235575158444
27.71537285297416
27.72839067988325
27.741409232573943
27.75442851130631
27.767448516338167
27.780469247925055
27.79349070632042
27.80651289177543
27.819535804539118
27.832559444858326
27.84558381297771
27.858608909139807
27.871634733585005
27.884661286551548
27.897688568275573
27.910716578991092
27.923745318929996
27.93677478832218
27.94980498739527
27.962835916375
27.97586757548498
27.98889996494672
28.00193308497974
28.01496693580151
28.028001517627462
28.04103683067102
28.054072875143603
28.06710965125465
28.080147159211602
28.093185399219905
28.106224371483073
28.119264076202573
28.132304513578042
28.145345683807093
28.158387587085425
28.171430223606844
28.18447359356321
28.197517697144452
28.210562534538678
28.223608105932044
28.23665441150883
28.249701451451518
28.262749225940617
28.275797735154903
28.288846979271174
28.30189695846448
28.31494767290809
28.327999122773317
28.34105130822979
28.354104229445284
28.367157886585744
28.380212279815407
28.393267409296655
28.406323275190196
28.419379877654887
28.432437216847898
28.44549529292462
28.45855410603869
28.471613656342047
28.48467394398496
28.497734969115882
28.510796731881644
28.523859232427373
28.536922470896407
28.549986447430566
28.563051162169888
28.576116615252758
28.58918280681597
28.602249736994583
28.615317405922056
28.628385813730233
28.641454960549286
28.654524846507844
28.667595471732817
28.680666836349598
28.693738940481975
28.706811784252082
28.71988536778057
28.732959691186412
28.7460347545871
28.759110558098556
28.772187101835105
28.785264385909525
28.79834241043313
28.811421175515616
28.82450068126523
28.837580927788636
28.850661915191054
28.863743643576168
28.876826113046132
28.889909323701673
28.902993275642007
28.916077968964867
28.929163403766573
28.942249580141898
28.955336498184213
28.968424157985453
28.98151255963608
28.994601703225147
29.007691588840242
29.020782216567554
29.033873586491925
29.046965698696642
29.060058553263723
29.073152150273735
29.086246489805855
29.099341571937913
29.11243739674633
29.12553396430614
29.138631274691097
29.151729327973463
29.16482812422431
29.177927663513234
29.19102794590858
29.204128971477303
29.21723074028508
29.230333252396203
29.243436507873753
29.256540506779405
29.269645249173603
29.28275073511545
29.295856964662775
29.308963937872132
29.322071654798776
29.335180115496726
29.34828932001872
29.361399268416253
29.374509960739502
29.387621397037467
29.40073357735788
29.413846501747237
29.426960170250823
29.440074582912654
29.453189739775567
29.46630564088116
29.479422286269855
29.49253967598084
29.5056578100521
29.5187766885205
29.53189631142163
29.54501667878995
29.558137790658705
29.57125964706002
29.584382248024873
29.597505593582973
29.610629683762983
29.623754518592424
29.636880098097556
29.650006422303647
29.663133491234714
29.67626130491373
29.68938986336253
29.702519166601807
29.715649214651148
29.728780007529025
29.741911545252865
29.755043827838943
29.768176855302464
29.781310627657554
29.794445144917244
29.807580407093475
29.820716414197165
29.83385316623811
29.846990663225096
29.860128905165844
29.873267892067002
29.88640762393418
29.89954810077193
29.91268932258381
29.925831289372315
29.938974001138938
29.952117457884114
29.96526165960731
29.978406606306915
29.991552297980377
30.00469873462408
30.017845916233465
30.03099384280295
30.04414251432599
30.057291930794992
30.07044209220147
30.083592998535856
30.096744649787755
30.109897045945647
30.123050186997183
30.136204072928983
30.149358703726715
30.16251407937513
30.17567019985801
30.18882706515821
30.201984675257673
30.215143030137334
30.228302129777294
30.24146197415668
30.254622563253676
30.267783897045646
30.28094597550894
30.294108798619078
30.307272366350624
30.320436678677243
30.333601735571794
30.34676753700616
30.359934082951348
30.37310137337752
30.386269408253966
30.39943818754903
30.412607711230297
30.42577797926437
30.438948991617096
30.45212074825341
30.465293249137428
30.478466494232357
30.491640483500618
30.50481521690376
30.517990694402542
30.531166915956838
30.54434388152573
30.557521591067438
30.57070004453935
30.583879241898156
30.597059183099564
30.610239868098596
30.623421296849415
30.636603469305403
30.64978638541912
30.66297004514235
30.67615444842607
30.689339595220513
30.70252548547507
30.7157121191384
30.72889949615838
30.742087616482053
30.755276480055777
30.768466086825082
30.781656436734803
30.794847529728948
30.808039365750812
30.821231944742944
30.83442526664708
30.84761933140429
30.86081413895489
30.87400968923842
30.88720598219372
30.900403017758887
30.9136007958713
30.926799316467623
30.939998579483746
30.953198584854892
30.9663993325156
30.979600822399647
30.992803054440113
31.006006028569345
31.01920974471907
31.032414202820274
31.045619402803208
31.058825344597544
31.072032028132153
31.085239453335245
31.098447620134422
31.11165652845653
31.124866178227773
31.1380765693737
31.15128770181917
31.164499575488367
31.177712190304835
31.19092554619148
31.204139643070498
31.217354480863452
31.230570059491306
31.243786378874333
31.257003438932134
31.270221239583744
31.283439780747486
31.296659062341124
31.30987908428175
31.32309984648583
31.33632134886917
31.349543591347054
31.362766573834044
31.37599029624417
31.389214758490727
31.402439960486586
31.41566590214383
31.42889258337404
31.442120004088185
31.455348164196586
31.468577063609025
31.481806702234653
31.495037079982097
31.508268196759268
31.521500052473645
31.534732647031998
31.54796598034062
31.561200052305146
31.57443486283069
31.587670411821755
31.60090669918234
31.6141437248158
31.627381488625016
31.640619990512178
31.653859230379087
31.667099208126874
31.680339923656135
31.693581376866923
31.706823567658777
31.72006649593066
31.733310161580995
31.746554564507687
31.75979970460809
31.773045581778995
31.78629219591672
31.799539546917035
31.812787634675153
31.826036459085813
31.839286020043186
31.852536317440958
31.865787351172287
31.879039121129832
31.892291627205726
31.905544869291575
31.918798847278538
31.932053561057206
31.945309010517676
31.958565195549625
31.97182211604216
31.98507977188387
31.998338162962952
32.011597289167014
32.024857150383234
32.038117746498315
32.05137907739844
32.06464114296929
32.07790394309616
32.09116747766383
32.104431746556536
32.11769674965812
32.130962486851956
32.14422895802097
32.157496163047504
32.17076410181361
32.18403277420076
32.19730218008998
32.21057231936193
32.22384319189669
32.237114797574016
32.25038713627313
32.263660207872846
32.27693401225152
32.29020854928703
32.30348381885692
32.31675982083823
32.33003655510752
32.34331402154102
32.35659222001445
32.36987115040312
32.383150812581945
32.39643120642538
32.409712331807484
32.42299418860188
32.43627677668179
32.449560095919985
32.46284414618886
32.47612892736036
32.48941443930609
32.50270068189716
32.515987655004345
32.52927535849798
32.54256379224802
32.55585295612398
32.569142849995025
32.58243347372991
32.595724827196975
32.6090169102642
32.62230972279917
32.63560326466905
32.64889753574065
32.66219253588041
32.675488264954346
32.68878472282813
32.70208190936703
32.71537982443595
32.72867846789943
32.74197783962162
32.75527793946632
32.768578767296944
32.781880322976534
32.79518260636778
32.808485617333034
32.82178935573423
32.83509382143298
32.84839901429053
32.8617049341678
32.87501158092527
32.888318954423184
32.90162705452135
32.914935881079245
32.928245433956015
32.9415557130105
32.9548667181011
32.968178449085926
32.98149090582279
32.994804088169104
33.008117995981955
33.02143262911811
33.03474798743402
33.04806407078577
33.061380879029116
33.07469841201952
33.08801666961211
33.101335651661635
33.114655358022624
33.1279757885492
33.141296943095156
33.154618821514056
33.167941423659066
33.18126474938308
33.19458879853867
33.207913570978114
33.22123906655333
33.23456528511593
33.247892226517315
33.26121989060849
33.274548277240164
33.2878773862628
33.30120721752648
33.31453777088107
33.32786904617608
33.34120104326075
33.35453376198401
33.36786720219454
33.38120136374068
33.39453624647052
33.407871850231814
33.42120817487206
33.43454522023851
33.44788298617805
33.46122147253737
33.4745606791628
33.48790060590044
33.50124125259611
33.51458261909536
33.52792470524343
33.541267510885326
33.55461103586577
33.567955280029224
33.58130024321982
33.59464592528152
33.60799232605797
33.62133944539252
33.634687283128386
33.6480358391083
33.66138511317496
33.67473510517069
33.68808581493755
33.701437242317404
33.714789387151825
33.728142249282136
33.74149582854942
33.75485012479447
33.76820513785789
33.78156086758
33.79491731380089
33.80827447636041
33.82163235509811
33.834990949853385
33.84835026046535
33.86171028677283
33.87507102861452
33.88843248582881
33.90179465825382
33.915157545727524
33.92852114808759
33.9418854651715
33.95525049681649
33.968616242859554
33.981982703137504
33.995349877486866
34.00871776574395
34.02208636774492
34.03545568332558
34.04882571232165
34.06219645456856
34.07556790990153
34.08894007815553
34.10231295916542
34.1156865527657
34.129060858790766
34.14243587707473
34.15581160745162
34.169188049755064
34.18256520381859
34.19594306947554
34.20932164655902
34.22270093490187
34.23608093433687
34.24946164469643
34.26284306581286
34.276225197518265
34.289608039644506
34.30299159202329
34.316375854486076
34.32976082686422
34.34314650898875
34.3565329006906
34.36992000180053
34.38330781214897
34.396696331566304
34.41008555988268
34.423475496928035
34.43686614253213
34.45025749652455
34.46364955873469
34.477042328991764
34.490435807124804
34.50382999296263
34.51722488633395
34.53062048706721
34.544016794990725
34.55741380993263
34.570811531720885
34.58420996018328
34.59760909514739
34.61100893644065
34.62440948389035
34.63781073732351
34.65121269656713
34.664615361447915
34.67801873179243
34.691422807427124
34.70482758817822
34.718233073871794
34.73163926433381
34.745046159389965
34.75845375886592
34.77186206258704
34.7852710703786
34.79868078206577
34.812091197473464
34.82550231642649
34.83891413874951
34.85232666426698
34.86573989280324
34.87915382418247
34.892568458228716
34.90598379476584
34.91939983361756
34.9328165746075
34.946234017559036
34.95965216229545
34.97307100863993
34.98649055641542
34.999910805444756
35.0133317555507
35.02675340655576
35.040175758282366
35.053598810552785
35.06702256318915
35.08044701601348
35.09387216884763
35.107298021513316
35.120724573832135
35.13415182562549
35.147579776714764
35.1610084269211
35.17443777606553
35.187867823969036
35.20129857045233
35.21473001533611
35.22816215844087
35.241594999587036
35.25502853859488
35.26846277528454
35.28189770947601
35.29533334098923
35.30876966964391
35.32220669525975
35.33564441765622
35.34908283665277
35.36252195206867
35.37596176372304
35.38940227143496
35.40284347502333
35.41628537430696
35.42972796910458
35.4431712592347
35.45661524451581
35.47005992476623
35.48350529980423
35.49695136944788
35.510398133515224
35.5238455918241
35.53729374419239
35.55074259043765
35.56419213037751
35.577642363829455
35.59109329061076
35.60454491053872
35.617997223430486
35.63145022910301
35.64490392737333
35.65835831805817
35.671813400974315
35.685269175938366
35.69872564276685
35.71218280127622
35.7256406512827
35.7390991926026
35.75255842505203
35.76601834844696
35.77947896260337
35.79294026733711
35.806402262463855
35.8198649477993
35.83332832315896
35.846792388358324
35.86025714321275
35.87372258753747
35.88718872114776
35.90065554385858
35.914123055485035
35.92759125584202
35.94106014474432
35.954529722006704
35.96799998744383
35.98147094087024
35.99494258210042
36.00841491094879
36.021887927229635
36.035361630757194
36.048836021345615
36.062311098808955
36.075786862961195
36.08926331361623
36.102740450587916
36.116218273689945
36.12969678273604
36.14317597753973
36.156655857914565
36.17013642367397
36.18361767463127
36.197099610599786
36.21058223139271
36.22406553682319
36.237549526704264
36.25103420084889
36.26451955907003
36.278005601180524
36.29149232699313
36.304979736320526
36.318467828975415
36.331956604770276
36.345446063517656
36.35893620502996
36.372427029119535
36.385918535598734
36.39941072427973
36.41290359497469
36.42639714749573
36.43989138165486
36.45338629726407
36.46688189413524
36.480378172080236
36.49387513091085
36.50737277043878
36.5208710904757
36.53437009083319
36.547869771322816
36.56137013175605
36.57487117194433
36.588372891698974
36.60187529083135
36.615378369152666
36.62888212647416
36.64238656260694
36.6558916773621
36.66939747055069
36.68290394198364
36.696411091471944
36.70991891882641
36.72342742385789
36.736936606377164
36.75044646619494
36.76395700312183
36.77746821696855
36.7909801075456
36.80449267466352
36.81800591813278
36.83151983776379
36.84503443336696
36.858549704752576
36.87206565173092
36.88558227411228
36.8990995717068
36.91261754432465
36.92613619177594
36.939655513870704
36.95317551041898
36.96669618123073
36.980217526115894
36.993739544884335
37.00726223734595
37.020785603310536
37.03430964258781
37.04783435498754
37.06135974031945
37.07488579839314
37.08841252901825
37.10193993200434
37.11546800716094
37.12899675429761
37.142526173223736
37.15605626374881
37.16958702568218
37.183118458833256
37.19665056301134
37.210183338025715
37.22371678368564
37.23725089980037
37.25078568617907
37.264321142630926
37.27785726896507
37.29139406499056
37.30493153051652
37.31846966535195
37.332008469305855
37.3455479421873
37.35908808380512
37.372628893968326
37.38617037248577
37.39971251916633
37.41325533381887
37.42679881625217
37.44034296627507
37.453887783696295
37.4674332683246
37.4809794199687
37.49452623843724
37.508073723538956
37.52162187508248
37.535170692876406
37.548720176729354
37.56227032644988
37.57582114184655
37.589372622727915
37.60292476890244
37.616477580178675
37.63003105636507
37.64358519727005
37.657140002702086
37.670695472469575
37.68425160638092
37.6978084042445
37.7113658658687
37.72492399106182
37.738482779632214
37.752042231388195
37.76560234613804
37.77916312369004
37.792724563852474
37.80628666643359
37.81984943124158
37.833412858084735
37.84697694677123
37.86054169710924
37.87410710890698
37.88767318197264
37.901239916114314
37.91480731114021
37.92837536685843
37.941944083077125
37.95551345960435
37.969083496248295
37.982654192817
37.99622554911856
38.00979756496108
38.02337024015258
38.03694357450115
38.05051756781486
38.06409221990173
38.077667530569784
38.0912434996271
38.10482012688165
38.11839741214149
38.13197535521461
38.14555395590903
38.159133214032764
38.172713129393784
38.186293701800096
38.1998749310597
38.21345681698057
38.2270393593707
38.24062255803807
38.25420641279063
38.2677909234364
38.281376089783336
38.29496191163941
38.30854838881259
38.32213552111084
38.33572330834214
38.34931175031446
38.362900846835764
38.37649059771406
38.390081002757256
38.40367206177338
38.417263774570394
38.43085614095623
38.44444916073894
38.45804283372643
38.471637159726754
38.48523213854785
38.498827769997725
38.512424053884374
38.526020990015795
38.5396185782
38.55321681824497
38.566815709958746
38.580415253149354
38.59401544762478
38.60761629319307
38.62121778966227
38.6348199368404
38.648422734535544
38.662026182555735
38.675630280709065
38.68923502880356
38.70284042664732
38.71644647404843
38.730053170815005
38.74366051675514
38.757268511676955
38.77087715538856
38.7844864476981
38.79809638841374
38.81170697734359
38.825318214295834
38.83893009907871
38.85254263150032
38.86615581136889
38.87976963849266
38.89338411267982
38.90699923373863
38.92061500147732
38.93423141570419